experiment_id,experiment,evidence_type,code_commit,source_dataset,source_url,source_license,source_file_sha256,source_raw_text_retained,hardware,mode,policy,admission,K,oracle_uses_future_trace,J,net_benefit_guard_tokens,rep,repetitions,seed,workload_trace_hash,request_count_total,warmup_request_count,cache_capacity,metric_scope,status,request_count,selected_affinity_rate,mean_reuse_coverage,saved_prefill_tokens_total,incremental_saved_prefill_tokens_total,raw_candidate_fanout_p95,evaluated_candidate_fanout_p95,dispatcher_index_bytes
20260716_agenttrace_frozen_load_only_kinf_rep0,agenttrace_admission_oracle_v4,trace_derived_simulation,86adc13cec5f5a186ade1082f0fb1da4944533a4,pagarsky/agent-trace: nl2bash_1_7B_20260403T211347Z,https://huggingface.co/datasets/pagarsky/agent-trace,Apache-2.0,250313ae096b0bb8c1986b6f571b68f4ff7617a12026db20214ad84188d12ae5,False,CPU-only; no live vLLM request,frozen,load_only,none,inf,False,4,512,0,10,20260716,90093366ea92624227d52f24636336bcd6d66fd6982736c6b824d64fdf2291c2,512,128,128,structural agent-turn replay; Oracle-K is offline diagnosis only; no raw source text and no live latency.,Current,384,0.0,0.3285875404795984,100539.0,2235.0,0.0,0.0,384
20260716_agenttrace_frozen_exact_kinf_rep0,agenttrace_admission_oracle_v4,trace_derived_simulation,86adc13cec5f5a186ade1082f0fb1da4944533a4,pagarsky/agent-trace: nl2bash_1_7B_20260403T211347Z,https://huggingface.co/datasets/pagarsky/agent-trace,Apache-2.0,250313ae096b0bb8c1986b6f571b68f4ff7617a12026db20214ad84188d12ae5,False,CPU-only; no live vLLM request,frozen,exact,exact,inf,False,4,512,0,10,20260716,90093366ea92624227d52f24636336bcd6d66fd6982736c6b824d64fdf2291c2,512,128,128,structural agent-turn replay; Oracle-K is offline diagnosis only; no raw source text and no live latency.,Current,384,1.0,0.3358462918646046,105702.0,7398.0,4.0,4.0,10048
20260716_agenttrace_frozen_sketch_lru_k2_rep0,agenttrace_admission_oracle_v4,trace_derived_simulation,86adc13cec5f5a186ade1082f0fb1da4944533a4,pagarsky/agent-trace: nl2bash_1_7B_20260403T211347Z,https://huggingface.co/datasets/pagarsky/agent-trace,Apache-2.0,250313ae096b0bb8c1986b6f571b68f4ff7617a12026db20214ad84188d12ae5,False,CPU-only; no live vLLM request,frozen,sketch,lru,2,False,4,512,0,10,20260716,90093366ea92624227d52f24636336bcd6d66fd6982736c6b824d64fdf2291c2,512,128,128,structural agent-turn replay; Oracle-K is offline diagnosis only; no raw source text and no live latency.,Current,384,0.0,0.32820601477891886,100336.0,2032.0,0.0,0.0,896
20260716_agenttrace_frozen_sketch_lru_k4_rep0,agenttrace_admission_oracle_v4,trace_derived_simulation,86adc13cec5f5a186ade1082f0fb1da4944533a4,pagarsky/agent-trace: nl2bash_1_7B_20260403T211347Z,https://huggingface.co/datasets/pagarsky/agent-trace,Apache-2.0,250313ae096b0bb8c1986b6f571b68f4ff7617a12026db20214ad84188d12ae5,False,CPU-only; no live vLLM request,frozen,sketch,lru,4,False,4,512,0,10,20260716,90093366ea92624227d52f24636336bcd6d66fd6982736c6b824d64fdf2291c2,512,128,128,structural agent-turn replay; Oracle-K is offline diagnosis only; no raw source text and no live latency.,Current,384,0.0,0.32848054490919376,100237.0,1933.0,1.0,1.0,1408
20260716_agenttrace_frozen_sketch_lru_k8_rep0,agenttrace_admission_oracle_v4,trace_derived_simulation,86adc13cec5f5a186ade1082f0fb1da4944533a4,pagarsky/agent-trace: nl2bash_1_7B_20260403T211347Z,https://huggingface.co/datasets/pagarsky/agent-trace,Apache-2.0,250313ae096b0bb8c1986b6f571b68f4ff7617a12026db20214ad84188d12ae5,False,CPU-only; no live vLLM request,frozen,sketch,lru,8,False,4,512,0,10,20260716,90093366ea92624227d52f24636336bcd6d66fd6982736c6b824d64fdf2291c2,512,128,128,structural agent-turn replay; Oracle-K is offline diagnosis only; no raw source text and no live latency.,Current,384,0.0,0.3285680326143983,100670.0,2366.0,1.0,1.0,2432
20260716_agenttrace_frozen_sketch_lru_k16_rep0,agenttrace_admission_oracle_v4,trace_derived_simulation,86adc13cec5f5a186ade1082f0fb1da4944533a4,pagarsky/agent-trace: nl2bash_1_7B_20260403T211347Z,https://huggingface.co/datasets/pagarsky/agent-trace,Apache-2.0,250313ae096b0bb8c1986b6f571b68f4ff7617a12026db20214ad84188d12ae5,False,CPU-only; no live vLLM request,frozen,sketch,lru,16,False,4,512,0,10,20260716,90093366ea92624227d52f24636336bcd6d66fd6982736c6b824d64fdf2291c2,512,128,128,structural agent-turn replay; Oracle-K is offline diagnosis only; no raw source text and no live latency.,Current,384,0.0,0.3283069438368162,100067.0,1763.0,1.0,1.0,4480
20260716_agenttrace_frozen_sketch_lru_k32_rep0,agenttrace_admission_oracle_v4,trace_derived_simulation,86adc13cec5f5a186ade1082f0fb1da4944533a4,pagarsky/agent-trace: nl2bash_1_7B_20260403T211347Z,https://huggingface.co/datasets/pagarsky/agent-trace,Apache-2.0,250313ae096b0bb8c1986b6f571b68f4ff7617a12026db20214ad84188d12ae5,False,CPU-only; no live vLLM request,frozen,sketch,lru,32,False,4,512,0,10,20260716,90093366ea92624227d52f24636336bcd6d66fd6982736c6b824d64fdf2291c2,512,128,128,structural agent-turn replay; Oracle-K is offline diagnosis only; no raw source text and no live latency.,Current,384,0.0,0.3280450163706435,100394.0,2090.0,2.0,2.0,8256
20260716_agenttrace_frozen_sketch_lru_k64_rep0,agenttrace_admission_oracle_v4,trace_derived_simulation,86adc13cec5f5a186ade1082f0fb1da4944533a4,pagarsky/agent-trace: nl2bash_1_7B_20260403T211347Z,https://huggingface.co/datasets/pagarsky/agent-trace,Apache-2.0,250313ae096b0bb8c1986b6f571b68f4ff7617a12026db20214ad84188d12ae5,False,CPU-only; no live vLLM request,frozen,sketch,lru,64,False,4,512,0,10,20260716,90093366ea92624227d52f24636336bcd6d66fd6982736c6b824d64fdf2291c2,512,128,128,structural agent-turn replay; Oracle-K is offline diagnosis only; no raw source text and no live latency.,Current,384,0.0,0.3280450163706435,100394.0,2090.0,4.0,4.0,10048
20260716_agenttrace_frozen_sketch_lru_k128_rep0,agenttrace_admission_oracle_v4,trace_derived_simulation,86adc13cec5f5a186ade1082f0fb1da4944533a4,pagarsky/agent-trace: nl2bash_1_7B_20260403T211347Z,https://huggingface.co/datasets/pagarsky/agent-trace,Apache-2.0,250313ae096b0bb8c1986b6f571b68f4ff7617a12026db20214ad84188d12ae5,False,CPU-only; no live vLLM request,frozen,sketch,lru,128,False,4,512,0,10,20260716,90093366ea92624227d52f24636336bcd6d66fd6982736c6b824d64fdf2291c2,512,128,128,structural agent-turn replay; Oracle-K is offline diagnosis only; no raw source text and no live latency.,Current,384,0.0,0.3280450163706435,100394.0,2090.0,4.0,4.0,10048
20260716_agenttrace_frozen_sketch_lfu_k2_rep0,agenttrace_admission_oracle_v4,trace_derived_simulation,86adc13cec5f5a186ade1082f0fb1da4944533a4,pagarsky/agent-trace: nl2bash_1_7B_20260403T211347Z,https://huggingface.co/datasets/pagarsky/agent-trace,Apache-2.0,250313ae096b0bb8c1986b6f571b68f4ff7617a12026db20214ad84188d12ae5,False,CPU-only; no live vLLM request,frozen,sketch,lfu,2,False,4,512,0,10,20260716,90093366ea92624227d52f24636336bcd6d66fd6982736c6b824d64fdf2291c2,512,128,128,structural agent-turn replay; Oracle-K is offline diagnosis only; no raw source text and no live latency.,Current,384,0.0,0.3280450163706435,100394.0,2090.0,4.0,4.0,896
20260716_agenttrace_frozen_sketch_lfu_k4_rep0,agenttrace_admission_oracle_v4,trace_derived_simulation,86adc13cec5f5a186ade1082f0fb1da4944533a4,pagarsky/agent-trace: nl2bash_1_7B_20260403T211347Z,https://huggingface.co/datasets/pagarsky/agent-trace,Apache-2.0,250313ae096b0bb8c1986b6f571b68f4ff7617a12026db20214ad84188d12ae5,False,CPU-only; no live vLLM request,frozen,sketch,lfu,4,False,4,512,0,10,20260716,90093366ea92624227d52f24636336bcd6d66fd6982736c6b824d64fdf2291c2,512,128,128,structural agent-turn replay; Oracle-K is offline diagnosis only; no raw source text and no live latency.,Current,384,0.0,0.3280450163706435,100394.0,2090.0,4.0,4.0,1408
20260716_agenttrace_frozen_sketch_lfu_k8_rep0,agenttrace_admission_oracle_v4,trace_derived_simulation,86adc13cec5f5a186ade1082f0fb1da4944533a4,pagarsky/agent-trace: nl2bash_1_7B_20260403T211347Z,https://huggingface.co/datasets/pagarsky/agent-trace,Apache-2.0,250313ae096b0bb8c1986b6f571b68f4ff7617a12026db20214ad84188d12ae5,False,CPU-only; no live vLLM request,frozen,sketch,lfu,8,False,4,512,0,10,20260716,90093366ea92624227d52f24636336bcd6d66fd6982736c6b824d64fdf2291c2,512,128,128,structural agent-turn replay; Oracle-K is offline diagnosis only; no raw source text and no live latency.,Current,384,0.0,0.3280450163706435,100394.0,2090.0,4.0,4.0,2432
20260716_agenttrace_frozen_sketch_lfu_k16_rep0,agenttrace_admission_oracle_v4,trace_derived_simulation,86adc13cec5f5a186ade1082f0fb1da4944533a4,pagarsky/agent-trace: nl2bash_1_7B_20260403T211347Z,https://huggingface.co/datasets/pagarsky/agent-trace,Apache-2.0,250313ae096b0bb8c1986b6f571b68f4ff7617a12026db20214ad84188d12ae5,False,CPU-only; no live vLLM request,frozen,sketch,lfu,16,False,4,512,0,10,20260716,90093366ea92624227d52f24636336bcd6d66fd6982736c6b824d64fdf2291c2,512,128,128,structural agent-turn replay; Oracle-K is offline diagnosis only; no raw source text and no live latency.,Current,384,0.0,0.3280450163706435,100394.0,2090.0,4.0,4.0,4480
20260716_agenttrace_frozen_sketch_lfu_k32_rep0,agenttrace_admission_oracle_v4,trace_derived_simulation,86adc13cec5f5a186ade1082f0fb1da4944533a4,pagarsky/agent-trace: nl2bash_1_7B_20260403T211347Z,https://huggingface.co/datasets/pagarsky/agent-trace,Apache-2.0,250313ae096b0bb8c1986b6f571b68f4ff7617a12026db20214ad84188d12ae5,False,CPU-only; no live vLLM request,frozen,sketch,lfu,32,False,4,512,0,10,20260716,90093366ea92624227d52f24636336bcd6d66fd6982736c6b824d64fdf2291c2,512,128,128,structural agent-turn replay; Oracle-K is offline diagnosis only; no raw source text and no live latency.,Current,384,0.0,0.3280450163706435,100394.0,2090.0,4.0,4.0,8256
20260716_agenttrace_frozen_sketch_lfu_k64_rep0,agenttrace_admission_oracle_v4,trace_derived_simulation,86adc13cec5f5a186ade1082f0fb1da4944533a4,pagarsky/agent-trace: nl2bash_1_7B_20260403T211347Z,https://huggingface.co/datasets/pagarsky/agent-trace,Apache-2.0,250313ae096b0bb8c1986b6f571b68f4ff7617a12026db20214ad84188d12ae5,False,CPU-only; no live vLLM request,frozen,sketch,lfu,64,False,4,512,0,10,20260716,90093366ea92624227d52f24636336bcd6d66fd6982736c6b824d64fdf2291c2,512,128,128,structural agent-turn replay; Oracle-K is offline diagnosis only; no raw source text and no live latency.,Current,384,0.0,0.3280450163706435,100394.0,2090.0,4.0,4.0,10048
20260716_agenttrace_frozen_sketch_lfu_k128_rep0,agenttrace_admission_oracle_v4,trace_derived_simulation,86adc13cec5f5a186ade1082f0fb1da4944533a4,pagarsky/agent-trace: nl2bash_1_7B_20260403T211347Z,https://huggingface.co/datasets/pagarsky/agent-trace,Apache-2.0,250313ae096b0bb8c1986b6f571b68f4ff7617a12026db20214ad84188d12ae5,False,CPU-only; no live vLLM request,frozen,sketch,lfu,128,False,4,512,0,10,20260716,90093366ea92624227d52f24636336bcd6d66fd6982736c6b824d64fdf2291c2,512,128,128,structural agent-turn replay; Oracle-K is offline diagnosis only; no raw source text and no live latency.,Current,384,0.0,0.3280450163706435,100394.0,2090.0,4.0,4.0,10048
20260716_agenttrace_frozen_sketch_coverage_first_k2_rep0,agenttrace_admission_oracle_v4,trace_derived_simulation,86adc13cec5f5a186ade1082f0fb1da4944533a4,pagarsky/agent-trace: nl2bash_1_7B_20260403T211347Z,https://huggingface.co/datasets/pagarsky/agent-trace,Apache-2.0,250313ae096b0bb8c1986b6f571b68f4ff7617a12026db20214ad84188d12ae5,False,CPU-only; no live vLLM request,frozen,sketch,coverage_first,2,False,4,512,0,10,20260716,90093366ea92624227d52f24636336bcd6d66fd6982736c6b824d64fdf2291c2,512,128,128,structural agent-turn replay; Oracle-K is offline diagnosis only; no raw source text and no live latency.,Current,384,0.0,0.32741526168920343,99626.0,1322.0,0.0,0.0,896
20260716_agenttrace_frozen_sketch_coverage_first_k4_rep0,agenttrace_admission_oracle_v4,trace_derived_simulation,86adc13cec5f5a186ade1082f0fb1da4944533a4,pagarsky/agent-trace: nl2bash_1_7B_20260403T211347Z,https://huggingface.co/datasets/pagarsky/agent-trace,Apache-2.0,250313ae096b0bb8c1986b6f571b68f4ff7617a12026db20214ad84188d12ae5,False,CPU-only; no live vLLM request,frozen,sketch,coverage_first,4,False,4,512,0,10,20260716,90093366ea92624227d52f24636336bcd6d66fd6982736c6b824d64fdf2291c2,512,128,128,structural agent-turn replay; Oracle-K is offline diagnosis only; no raw source text and no live latency.,Current,384,0.0,0.32941198863834126,101092.0,2788.0,0.0,0.0,1408
20260716_agenttrace_frozen_sketch_coverage_first_k8_rep0,agenttrace_admission_oracle_v4,trace_derived_simulation,86adc13cec5f5a186ade1082f0fb1da4944533a4,pagarsky/agent-trace: nl2bash_1_7B_20260403T211347Z,https://huggingface.co/datasets/pagarsky/agent-trace,Apache-2.0,250313ae096b0bb8c1986b6f571b68f4ff7617a12026db20214ad84188d12ae5,False,CPU-only; no live vLLM request,frozen,sketch,coverage_first,8,False,4,512,0,10,20260716,90093366ea92624227d52f24636336bcd6d66fd6982736c6b824d64fdf2291c2,512,128,128,structural agent-turn replay; Oracle-K is offline diagnosis only; no raw source text and no live latency.,Current,384,0.0,0.3285341887848481,100855.0,2551.0,1.0,1.0,2432
20260716_agenttrace_frozen_sketch_coverage_first_k16_rep0,agenttrace_admission_oracle_v4,trace_derived_simulation,86adc13cec5f5a186ade1082f0fb1da4944533a4,pagarsky/agent-trace: nl2bash_1_7B_20260403T211347Z,https://huggingface.co/datasets/pagarsky/agent-trace,Apache-2.0,250313ae096b0bb8c1986b6f571b68f4ff7617a12026db20214ad84188d12ae5,False,CPU-only; no live vLLM request,frozen,sketch,coverage_first,16,False,4,512,0,10,20260716,90093366ea92624227d52f24636336bcd6d66fd6982736c6b824d64fdf2291c2,512,128,128,structural agent-turn replay; Oracle-K is offline diagnosis only; no raw source text and no live latency.,Current,384,0.0,0.32868544730041355,100659.0,2355.0,1.0,1.0,4480
20260716_agenttrace_frozen_sketch_coverage_first_k32_rep0,agenttrace_admission_oracle_v4,trace_derived_simulation,86adc13cec5f5a186ade1082f0fb1da4944533a4,pagarsky/agent-trace: nl2bash_1_7B_20260403T211347Z,https://huggingface.co/datasets/pagarsky/agent-trace,Apache-2.0,250313ae096b0bb8c1986b6f571b68f4ff7617a12026db20214ad84188d12ae5,False,CPU-only; no live vLLM request,frozen,sketch,coverage_first,32,False,4,512,0,10,20260716,90093366ea92624227d52f24636336bcd6d66fd6982736c6b824d64fdf2291c2,512,128,128,structural agent-turn replay; Oracle-K is offline diagnosis only; no raw source text and no live latency.,Current,384,0.0,0.3280450163706435,100394.0,2090.0,2.0,2.0,8256
20260716_agenttrace_frozen_sketch_coverage_first_k64_rep0,agenttrace_admission_oracle_v4,trace_derived_simulation,86adc13cec5f5a186ade1082f0fb1da4944533a4,pagarsky/agent-trace: nl2bash_1_7B_20260403T211347Z,https://huggingface.co/datasets/pagarsky/agent-trace,Apache-2.0,250313ae096b0bb8c1986b6f571b68f4ff7617a12026db20214ad84188d12ae5,False,CPU-only; no live vLLM request,frozen,sketch,coverage_first,64,False,4,512,0,10,20260716,90093366ea92624227d52f24636336bcd6d66fd6982736c6b824d64fdf2291c2,512,128,128,structural agent-turn replay; Oracle-K is offline diagnosis only; no raw source text and no live latency.,Current,384,0.0,0.3280450163706435,100394.0,2090.0,4.0,4.0,10048
20260716_agenttrace_frozen_sketch_coverage_first_k128_rep0,agenttrace_admission_oracle_v4,trace_derived_simulation,86adc13cec5f5a186ade1082f0fb1da4944533a4,pagarsky/agent-trace: nl2bash_1_7B_20260403T211347Z,https://huggingface.co/datasets/pagarsky/agent-trace,Apache-2.0,250313ae096b0bb8c1986b6f571b68f4ff7617a12026db20214ad84188d12ae5,False,CPU-only; no live vLLM request,frozen,sketch,coverage_first,128,False,4,512,0,10,20260716,90093366ea92624227d52f24636336bcd6d66fd6982736c6b824d64fdf2291c2,512,128,128,structural agent-turn replay; Oracle-K is offline diagnosis only; no raw source text and no live latency.,Current,384,0.0,0.3280450163706435,100394.0,2090.0,4.0,4.0,10048
20260716_agenttrace_frozen_sketch_saved_prefill_first_k2_rep0,agenttrace_admission_oracle_v4,trace_derived_simulation,86adc13cec5f5a186ade1082f0fb1da4944533a4,pagarsky/agent-trace: nl2bash_1_7B_20260403T211347Z,https://huggingface.co/datasets/pagarsky/agent-trace,Apache-2.0,250313ae096b0bb8c1986b6f571b68f4ff7617a12026db20214ad84188d12ae5,False,CPU-only; no live vLLM request,frozen,sketch,saved_prefill_first,2,False,4,512,0,10,20260716,90093366ea92624227d52f24636336bcd6d66fd6982736c6b824d64fdf2291c2,512,128,128,structural agent-turn replay; Oracle-K is offline diagnosis only; no raw source text and no live latency.,Current,384,0.0,0.3280450163706435,100394.0,2090.0,4.0,4.0,896
20260716_agenttrace_frozen_sketch_saved_prefill_first_k4_rep0,agenttrace_admission_oracle_v4,trace_derived_simulation,86adc13cec5f5a186ade1082f0fb1da4944533a4,pagarsky/agent-trace: nl2bash_1_7B_20260403T211347Z,https://huggingface.co/datasets/pagarsky/agent-trace,Apache-2.0,250313ae096b0bb8c1986b6f571b68f4ff7617a12026db20214ad84188d12ae5,False,CPU-only; no live vLLM request,frozen,sketch,saved_prefill_first,4,False,4,512,0,10,20260716,90093366ea92624227d52f24636336bcd6d66fd6982736c6b824d64fdf2291c2,512,128,128,structural agent-turn replay; Oracle-K is offline diagnosis only; no raw source text and no live latency.,Current,384,0.0,0.3280450163706435,100394.0,2090.0,4.0,4.0,1408
20260716_agenttrace_frozen_sketch_saved_prefill_first_k8_rep0,agenttrace_admission_oracle_v4,trace_derived_simulation,86adc13cec5f5a186ade1082f0fb1da4944533a4,pagarsky/agent-trace: nl2bash_1_7B_20260403T211347Z,https://huggingface.co/datasets/pagarsky/agent-trace,Apache-2.0,250313ae096b0bb8c1986b6f571b68f4ff7617a12026db20214ad84188d12ae5,False,CPU-only; no live vLLM request,frozen,sketch,saved_prefill_first,8,False,4,512,0,10,20260716,90093366ea92624227d52f24636336bcd6d66fd6982736c6b824d64fdf2291c2,512,128,128,structural agent-turn replay; Oracle-K is offline diagnosis only; no raw source text and no live latency.,Current,384,0.0,0.3280450163706435,100394.0,2090.0,4.0,4.0,2432
20260716_agenttrace_frozen_sketch_saved_prefill_first_k16_rep0,agenttrace_admission_oracle_v4,trace_derived_simulation,86adc13cec5f5a186ade1082f0fb1da4944533a4,pagarsky/agent-trace: nl2bash_1_7B_20260403T211347Z,https://huggingface.co/datasets/pagarsky/agent-trace,Apache-2.0,250313ae096b0bb8c1986b6f571b68f4ff7617a12026db20214ad84188d12ae5,False,CPU-only; no live vLLM request,frozen,sketch,saved_prefill_first,16,False,4,512,0,10,20260716,90093366ea92624227d52f24636336bcd6d66fd6982736c6b824d64fdf2291c2,512,128,128,structural agent-turn replay; Oracle-K is offline diagnosis only; no raw source text and no live latency.,Current,384,0.0,0.3280450163706435,100394.0,2090.0,4.0,4.0,4480
20260716_agenttrace_frozen_sketch_saved_prefill_first_k32_rep0,agenttrace_admission_oracle_v4,trace_derived_simulation,86adc13cec5f5a186ade1082f0fb1da4944533a4,pagarsky/agent-trace: nl2bash_1_7B_20260403T211347Z,https://huggingface.co/datasets/pagarsky/agent-trace,Apache-2.0,250313ae096b0bb8c1986b6f571b68f4ff7617a12026db20214ad84188d12ae5,False,CPU-only; no live vLLM request,frozen,sketch,saved_prefill_first,32,False,4,512,0,10,20260716,90093366ea92624227d52f24636336bcd6d66fd6982736c6b824d64fdf2291c2,512,128,128,structural agent-turn replay; Oracle-K is offline diagnosis only; no raw source text and no live latency.,Current,384,0.0,0.3280450163706435,100394.0,2090.0,4.0,4.0,8256
20260716_agenttrace_frozen_sketch_saved_prefill_first_k64_rep0,agenttrace_admission_oracle_v4,trace_derived_simulation,86adc13cec5f5a186ade1082f0fb1da4944533a4,pagarsky/agent-trace: nl2bash_1_7B_20260403T211347Z,https://huggingface.co/datasets/pagarsky/agent-trace,Apache-2.0,250313ae096b0bb8c1986b6f571b68f4ff7617a12026db20214ad84188d12ae5,False,CPU-only; no live vLLM request,frozen,sketch,saved_prefill_first,64,False,4,512,0,10,20260716,90093366ea92624227d52f24636336bcd6d66fd6982736c6b824d64fdf2291c2,512,128,128,structural agent-turn replay; Oracle-K is offline diagnosis only; no raw source text and no live latency.,Current,384,0.0,0.3280450163706435,100394.0,2090.0,4.0,4.0,10048
20260716_agenttrace_frozen_sketch_saved_prefill_first_k128_rep0,agenttrace_admission_oracle_v4,trace_derived_simulation,86adc13cec5f5a186ade1082f0fb1da4944533a4,pagarsky/agent-trace: nl2bash_1_7B_20260403T211347Z,https://huggingface.co/datasets/pagarsky/agent-trace,Apache-2.0,250313ae096b0bb8c1986b6f571b68f4ff7617a12026db20214ad84188d12ae5,False,CPU-only; no live vLLM request,frozen,sketch,saved_prefill_first,128,False,4,512,0,10,20260716,90093366ea92624227d52f24636336bcd6d66fd6982736c6b824d64fdf2291c2,512,128,128,structural agent-turn replay; Oracle-K is offline diagnosis only; no raw source text and no live latency.,Current,384,0.0,0.3280450163706435,100394.0,2090.0,4.0,4.0,10048
20260716_agenttrace_frozen_sketch_reuse_distance_k2_rep0,agenttrace_admission_oracle_v4,trace_derived_simulation,86adc13cec5f5a186ade1082f0fb1da4944533a4,pagarsky/agent-trace: nl2bash_1_7B_20260403T211347Z,https://huggingface.co/datasets/pagarsky/agent-trace,Apache-2.0,250313ae096b0bb8c1986b6f571b68f4ff7617a12026db20214ad84188d12ae5,False,CPU-only; no live vLLM request,frozen,sketch,reuse_distance,2,False,4,512,0,10,20260716,90093366ea92624227d52f24636336bcd6d66fd6982736c6b824d64fdf2291c2,512,128,128,structural agent-turn replay; Oracle-K is offline diagnosis only; no raw source text and no live latency.,Current,384,0.0,0.32962170265147894,101305.0,3001.0,0.0,0.0,896
20260716_agenttrace_frozen_sketch_reuse_distance_k4_rep0,agenttrace_admission_oracle_v4,trace_derived_simulation,86adc13cec5f5a186ade1082f0fb1da4944533a4,pagarsky/agent-trace: nl2bash_1_7B_20260403T211347Z,https://huggingface.co/datasets/pagarsky/agent-trace,Apache-2.0,250313ae096b0bb8c1986b6f571b68f4ff7617a12026db20214ad84188d12ae5,False,CPU-only; no live vLLM request,frozen,sketch,reuse_distance,4,False,4,512,0,10,20260716,90093366ea92624227d52f24636336bcd6d66fd6982736c6b824d64fdf2291c2,512,128,128,structural agent-turn replay; Oracle-K is offline diagnosis only; no raw source text and no live latency.,Current,384,0.0,0.32871815492005985,100630.0,2326.0,0.0,0.0,1408
20260716_agenttrace_frozen_sketch_reuse_distance_k8_rep0,agenttrace_admission_oracle_v4,trace_derived_simulation,86adc13cec5f5a186ade1082f0fb1da4944533a4,pagarsky/agent-trace: nl2bash_1_7B_20260403T211347Z,https://huggingface.co/datasets/pagarsky/agent-trace,Apache-2.0,250313ae096b0bb8c1986b6f571b68f4ff7617a12026db20214ad84188d12ae5,False,CPU-only; no live vLLM request,frozen,sketch,reuse_distance,8,False,4,512,0,10,20260716,90093366ea92624227d52f24636336bcd6d66fd6982736c6b824d64fdf2291c2,512,128,128,structural agent-turn replay; Oracle-K is offline diagnosis only; no raw source text and no live latency.,Current,384,0.0,0.3285341887848481,100855.0,2551.0,1.0,1.0,2432
20260716_agenttrace_frozen_sketch_reuse_distance_k16_rep0,agenttrace_admission_oracle_v4,trace_derived_simulation,86adc13cec5f5a186ade1082f0fb1da4944533a4,pagarsky/agent-trace: nl2bash_1_7B_20260403T211347Z,https://huggingface.co/datasets/pagarsky/agent-trace,Apache-2.0,250313ae096b0bb8c1986b6f571b68f4ff7617a12026db20214ad84188d12ae5,False,CPU-only; no live vLLM request,frozen,sketch,reuse_distance,16,False,4,512,0,10,20260716,90093366ea92624227d52f24636336bcd6d66fd6982736c6b824d64fdf2291c2,512,128,128,structural agent-turn replay; Oracle-K is offline diagnosis only; no raw source text and no live latency.,Current,384,0.0,0.3289170877679213,100946.0,2642.0,1.0,1.0,4480
20260716_agenttrace_frozen_sketch_reuse_distance_k32_rep0,agenttrace_admission_oracle_v4,trace_derived_simulation,86adc13cec5f5a186ade1082f0fb1da4944533a4,pagarsky/agent-trace: nl2bash_1_7B_20260403T211347Z,https://huggingface.co/datasets/pagarsky/agent-trace,Apache-2.0,250313ae096b0bb8c1986b6f571b68f4ff7617a12026db20214ad84188d12ae5,False,CPU-only; no live vLLM request,frozen,sketch,reuse_distance,32,False,4,512,0,10,20260716,90093366ea92624227d52f24636336bcd6d66fd6982736c6b824d64fdf2291c2,512,128,128,structural agent-turn replay; Oracle-K is offline diagnosis only; no raw source text and no live latency.,Current,384,0.0,0.3280450163706435,100394.0,2090.0,2.0,2.0,8256
20260716_agenttrace_frozen_sketch_reuse_distance_k64_rep0,agenttrace_admission_oracle_v4,trace_derived_simulation,86adc13cec5f5a186ade1082f0fb1da4944533a4,pagarsky/agent-trace: nl2bash_1_7B_20260403T211347Z,https://huggingface.co/datasets/pagarsky/agent-trace,Apache-2.0,250313ae096b0bb8c1986b6f571b68f4ff7617a12026db20214ad84188d12ae5,False,CPU-only; no live vLLM request,frozen,sketch,reuse_distance,64,False,4,512,0,10,20260716,90093366ea92624227d52f24636336bcd6d66fd6982736c6b824d64fdf2291c2,512,128,128,structural agent-turn replay; Oracle-K is offline diagnosis only; no raw source text and no live latency.,Current,384,0.0,0.3280450163706435,100394.0,2090.0,4.0,4.0,10048
20260716_agenttrace_frozen_sketch_reuse_distance_k128_rep0,agenttrace_admission_oracle_v4,trace_derived_simulation,86adc13cec5f5a186ade1082f0fb1da4944533a4,pagarsky/agent-trace: nl2bash_1_7B_20260403T211347Z,https://huggingface.co/datasets/pagarsky/agent-trace,Apache-2.0,250313ae096b0bb8c1986b6f571b68f4ff7617a12026db20214ad84188d12ae5,False,CPU-only; no live vLLM request,frozen,sketch,reuse_distance,128,False,4,512,0,10,20260716,90093366ea92624227d52f24636336bcd6d66fd6982736c6b824d64fdf2291c2,512,128,128,structural agent-turn replay; Oracle-K is offline diagnosis only; no raw source text and no live latency.,Current,384,0.0,0.3280450163706435,100394.0,2090.0,4.0,4.0,10048
20260716_agenttrace_frozen_sketch_oracle_future_value_k2_rep0,agenttrace_admission_oracle_v4,trace_derived_simulation,86adc13cec5f5a186ade1082f0fb1da4944533a4,pagarsky/agent-trace: nl2bash_1_7B_20260403T211347Z,https://huggingface.co/datasets/pagarsky/agent-trace,Apache-2.0,250313ae096b0bb8c1986b6f571b68f4ff7617a12026db20214ad84188d12ae5,False,CPU-only; no live vLLM request,frozen,sketch,oracle_future_value,2,True,4,512,0,10,20260716,90093366ea92624227d52f24636336bcd6d66fd6982736c6b824d64fdf2291c2,512,128,128,structural agent-turn replay; Oracle-K is offline diagnosis only; no raw source text and no live latency.,UpperBoundOnly,384,0.0,0.3283807437201132,100236.0,1932.0,1.0,1.0,896
20260716_agenttrace_frozen_sketch_oracle_future_value_k4_rep0,agenttrace_admission_oracle_v4,trace_derived_simulation,86adc13cec5f5a186ade1082f0fb1da4944533a4,pagarsky/agent-trace: nl2bash_1_7B_20260403T211347Z,https://huggingface.co/datasets/pagarsky/agent-trace,Apache-2.0,250313ae096b0bb8c1986b6f571b68f4ff7617a12026db20214ad84188d12ae5,False,CPU-only; no live vLLM request,frozen,sketch,oracle_future_value,4,True,4,512,0,10,20260716,90093366ea92624227d52f24636336bcd6d66fd6982736c6b824d64fdf2291c2,512,128,128,structural agent-turn replay; Oracle-K is offline diagnosis only; no raw source text and no live latency.,UpperBoundOnly,384,0.0,0.32810702095537025,100101.0,1797.0,1.0,1.0,1408
20260716_agenttrace_frozen_sketch_oracle_future_value_k8_rep0,agenttrace_admission_oracle_v4,trace_derived_simulation,86adc13cec5f5a186ade1082f0fb1da4944533a4,pagarsky/agent-trace: nl2bash_1_7B_20260403T211347Z,https://huggingface.co/datasets/pagarsky/agent-trace,Apache-2.0,250313ae096b0bb8c1986b6f571b68f4ff7617a12026db20214ad84188d12ae5,False,CPU-only; no live vLLM request,frozen,sketch,oracle_future_value,8,True,4,512,0,10,20260716,90093366ea92624227d52f24636336bcd6d66fd6982736c6b824d64fdf2291c2,512,128,128,structural agent-turn replay; Oracle-K is offline diagnosis only; no raw source text and no live latency.,UpperBoundOnly,384,0.0,0.32827210570410587,100176.0,1872.0,1.0,1.0,2432
20260716_agenttrace_frozen_sketch_oracle_future_value_k16_rep0,agenttrace_admission_oracle_v4,trace_derived_simulation,86adc13cec5f5a186ade1082f0fb1da4944533a4,pagarsky/agent-trace: nl2bash_1_7B_20260403T211347Z,https://huggingface.co/datasets/pagarsky/agent-trace,Apache-2.0,250313ae096b0bb8c1986b6f571b68f4ff7617a12026db20214ad84188d12ae5,False,CPU-only; no live vLLM request,frozen,sketch,oracle_future_value,16,True,4,512,0,10,20260716,90093366ea92624227d52f24636336bcd6d66fd6982736c6b824d64fdf2291c2,512,128,128,structural agent-turn replay; Oracle-K is offline diagnosis only; no raw source text and no live latency.,UpperBoundOnly,384,0.0,0.3287169774386294,100691.0,2387.0,1.0,1.0,4480
20260716_agenttrace_frozen_sketch_oracle_future_value_k32_rep0,agenttrace_admission_oracle_v4,trace_derived_simulation,86adc13cec5f5a186ade1082f0fb1da4944533a4,pagarsky/agent-trace: nl2bash_1_7B_20260403T211347Z,https://huggingface.co/datasets/pagarsky/agent-trace,Apache-2.0,250313ae096b0bb8c1986b6f571b68f4ff7617a12026db20214ad84188d12ae5,False,CPU-only; no live vLLM request,frozen,sketch,oracle_future_value,32,True,4,512,0,10,20260716,90093366ea92624227d52f24636336bcd6d66fd6982736c6b824d64fdf2291c2,512,128,128,structural agent-turn replay; Oracle-K is offline diagnosis only; no raw source text and no live latency.,UpperBoundOnly,384,0.0,0.3280450163706435,100394.0,2090.0,2.0,2.0,8256
20260716_agenttrace_frozen_sketch_oracle_future_value_k64_rep0,agenttrace_admission_oracle_v4,trace_derived_simulation,86adc13cec5f5a186ade1082f0fb1da4944533a4,pagarsky/agent-trace: nl2bash_1_7B_20260403T211347Z,https://huggingface.co/datasets/pagarsky/agent-trace,Apache-2.0,250313ae096b0bb8c1986b6f571b68f4ff7617a12026db20214ad84188d12ae5,False,CPU-only; no live vLLM request,frozen,sketch,oracle_future_value,64,True,4,512,0,10,20260716,90093366ea92624227d52f24636336bcd6d66fd6982736c6b824d64fdf2291c2,512,128,128,structural agent-turn replay; Oracle-K is offline diagnosis only; no raw source text and no live latency.,UpperBoundOnly,384,0.0,0.3280450163706435,100394.0,2090.0,4.0,4.0,10048
20260716_agenttrace_frozen_sketch_oracle_future_value_k128_rep0,agenttrace_admission_oracle_v4,trace_derived_simulation,86adc13cec5f5a186ade1082f0fb1da4944533a4,pagarsky/agent-trace: nl2bash_1_7B_20260403T211347Z,https://huggingface.co/datasets/pagarsky/agent-trace,Apache-2.0,250313ae096b0bb8c1986b6f571b68f4ff7617a12026db20214ad84188d12ae5,False,CPU-only; no live vLLM request,frozen,sketch,oracle_future_value,128,True,4,512,0,10,20260716,90093366ea92624227d52f24636336bcd6d66fd6982736c6b824d64fdf2291c2,512,128,128,structural agent-turn replay; Oracle-K is offline diagnosis only; no raw source text and no live latency.,UpperBoundOnly,384,0.0,0.3280450163706435,100394.0,2090.0,4.0,4.0,10048
20260716_agenttrace_closed_loop_load_only_kinf_rep0,agenttrace_admission_oracle_v4,trace_derived_simulation,86adc13cec5f5a186ade1082f0fb1da4944533a4,pagarsky/agent-trace: nl2bash_1_7B_20260403T211347Z,https://huggingface.co/datasets/pagarsky/agent-trace,Apache-2.0,250313ae096b0bb8c1986b6f571b68f4ff7617a12026db20214ad84188d12ae5,False,CPU-only; no live vLLM request,closed_loop,load_only,none,inf,False,4,512,0,10,20260716,90093366ea92624227d52f24636336bcd6d66fd6982736c6b824d64fdf2291c2,512,128,128,structural agent-turn replay; Oracle-K is offline diagnosis only; no raw source text and no live latency.,Current,384,0.0,0.3631930154600012,151468.0,53164.0,0.0,0.0,384
20260716_agenttrace_closed_loop_exact_kinf_rep0,agenttrace_admission_oracle_v4,trace_derived_simulation,86adc13cec5f5a186ade1082f0fb1da4944533a4,pagarsky/agent-trace: nl2bash_1_7B_20260403T211347Z,https://huggingface.co/datasets/pagarsky/agent-trace,Apache-2.0,250313ae096b0bb8c1986b6f571b68f4ff7617a12026db20214ad84188d12ae5,False,CPU-only; no live vLLM request,closed_loop,exact,exact,inf,False,4,512,0,10,20260716,90093366ea92624227d52f24636336bcd6d66fd6982736c6b824d64fdf2291c2,512,128,128,structural agent-turn replay; Oracle-K is offline diagnosis only; no raw source text and no live latency.,Current,384,0.140625,0.4147934609272543,225731.0,127427.0,3.0,3.0,16896
20260716_agenttrace_closed_loop_sketch_lru_k2_rep0,agenttrace_admission_oracle_v4,trace_derived_simulation,86adc13cec5f5a186ade1082f0fb1da4944533a4,pagarsky/agent-trace: nl2bash_1_7B_20260403T211347Z,https://huggingface.co/datasets/pagarsky/agent-trace,Apache-2.0,250313ae096b0bb8c1986b6f571b68f4ff7617a12026db20214ad84188d12ae5,False,CPU-only; no live vLLM request,closed_loop,sketch,lru,2,False,4,512,0,10,20260716,90093366ea92624227d52f24636336bcd6d66fd6982736c6b824d64fdf2291c2,512,128,128,structural agent-turn replay; Oracle-K is offline diagnosis only; no raw source text and no live latency.,Current,384,0.005208333333333333,0.38024378712327306,175385.0,77081.0,3.0,3.0,768
20260716_agenttrace_closed_loop_sketch_lru_k4_rep0,agenttrace_admission_oracle_v4,trace_derived_simulation,86adc13cec5f5a186ade1082f0fb1da4944533a4,pagarsky/agent-trace: nl2bash_1_7B_20260403T211347Z,https://huggingface.co/datasets/pagarsky/agent-trace,Apache-2.0,250313ae096b0bb8c1986b6f571b68f4ff7617a12026db20214ad84188d12ae5,False,CPU-only; no live vLLM request,closed_loop,sketch,lru,4,False,4,512,0,10,20260716,90093366ea92624227d52f24636336bcd6d66fd6982736c6b824d64fdf2291c2,512,128,128,structural agent-turn replay; Oracle-K is offline diagnosis only; no raw source text and no live latency.,Current,384,0.0078125,0.38024378712327306,175385.0,77081.0,3.0,3.0,1024
20260716_agenttrace_closed_loop_sketch_lru_k8_rep0,agenttrace_admission_oracle_v4,trace_derived_simulation,86adc13cec5f5a186ade1082f0fb1da4944533a4,pagarsky/agent-trace: nl2bash_1_7B_20260403T211347Z,https://huggingface.co/datasets/pagarsky/agent-trace,Apache-2.0,250313ae096b0bb8c1986b6f571b68f4ff7617a12026db20214ad84188d12ae5,False,CPU-only; no live vLLM request,closed_loop,sketch,lru,8,False,4,512,0,10,20260716,90093366ea92624227d52f24636336bcd6d66fd6982736c6b824d64fdf2291c2,512,128,128,structural agent-turn replay; Oracle-K is offline diagnosis only; no raw source text and no live latency.,Current,384,0.018229166666666668,0.38268519337327306,179225.0,80921.0,3.0,3.0,1536
20260716_agenttrace_closed_loop_sketch_lru_k16_rep0,agenttrace_admission_oracle_v4,trace_derived_simulation,86adc13cec5f5a186ade1082f0fb1da4944533a4,pagarsky/agent-trace: nl2bash_1_7B_20260403T211347Z,https://huggingface.co/datasets/pagarsky/agent-trace,Apache-2.0,250313ae096b0bb8c1986b6f571b68f4ff7617a12026db20214ad84188d12ae5,False,CPU-only; no live vLLM request,closed_loop,sketch,lru,16,False,4,512,0,10,20260716,90093366ea92624227d52f24636336bcd6d66fd6982736c6b824d64fdf2291c2,512,128,128,structural agent-turn replay; Oracle-K is offline diagnosis only; no raw source text and no live latency.,Current,384,0.028645833333333332,0.3881484756405257,187818.0,89514.0,3.0,3.0,2560
20260716_agenttrace_closed_loop_sketch_lru_k32_rep0,agenttrace_admission_oracle_v4,trace_derived_simulation,86adc13cec5f5a186ade1082f0fb1da4944533a4,pagarsky/agent-trace: nl2bash_1_7B_20260403T211347Z,https://huggingface.co/datasets/pagarsky/agent-trace,Apache-2.0,250313ae096b0bb8c1986b6f571b68f4ff7617a12026db20214ad84188d12ae5,False,CPU-only; no live vLLM request,closed_loop,sketch,lru,32,False,4,512,0,10,20260716,90093366ea92624227d52f24636336bcd6d66fd6982736c6b824d64fdf2291c2,512,128,128,structural agent-turn replay; Oracle-K is offline diagnosis only; no raw source text and no live latency.,Current,384,0.057291666666666664,0.39309413612663524,195353.0,97049.0,3.0,3.0,4608
20260716_agenttrace_closed_loop_sketch_lru_k64_rep0,agenttrace_admission_oracle_v4,trace_derived_simulation,86adc13cec5f5a186ade1082f0fb1da4944533a4,pagarsky/agent-trace: nl2bash_1_7B_20260403T211347Z,https://huggingface.co/datasets/pagarsky/agent-trace,Apache-2.0,250313ae096b0bb8c1986b6f571b68f4ff7617a12026db20214ad84188d12ae5,False,CPU-only; no live vLLM request,closed_loop,sketch,lru,64,False,4,512,0,10,20260716,90093366ea92624227d52f24636336bcd6d66fd6982736c6b824d64fdf2291c2,512,128,128,structural agent-turn replay; Oracle-K is offline diagnosis only; no raw source text and no live latency.,Current,384,0.08854166666666667,0.3981907062527555,203205.0,104901.0,3.0,3.0,8704
20260716_agenttrace_closed_loop_sketch_lru_k128_rep0,agenttrace_admission_oracle_v4,trace_derived_simulation,86adc13cec5f5a186ade1082f0fb1da4944533a4,pagarsky/agent-trace: nl2bash_1_7B_20260403T211347Z,https://huggingface.co/datasets/pagarsky/agent-trace,Apache-2.0,250313ae096b0bb8c1986b6f571b68f4ff7617a12026db20214ad84188d12ae5,False,CPU-only; no live vLLM request,closed_loop,sketch,lru,128,False,4,512,0,10,20260716,90093366ea92624227d52f24636336bcd6d66fd6982736c6b824d64fdf2291c2,512,128,128,structural agent-turn replay; Oracle-K is offline diagnosis only; no raw source text and no live latency.,Current,384,0.140625,0.4147934609272543,225731.0,127427.0,3.0,3.0,16896
20260716_agenttrace_closed_loop_sketch_lfu_k2_rep0,agenttrace_admission_oracle_v4,trace_derived_simulation,86adc13cec5f5a186ade1082f0fb1da4944533a4,pagarsky/agent-trace: nl2bash_1_7B_20260403T211347Z,https://huggingface.co/datasets/pagarsky/agent-trace,Apache-2.0,250313ae096b0bb8c1986b6f571b68f4ff7617a12026db20214ad84188d12ae5,False,CPU-only; no live vLLM request,closed_loop,sketch,lfu,2,False,4,512,0,10,20260716,90093366ea92624227d52f24636336bcd6d66fd6982736c6b824d64fdf2291c2,512,128,128,structural agent-turn replay; Oracle-K is offline diagnosis only; no raw source text and no live latency.,Current,384,0.0,0.38024378712327306,175385.0,77081.0,3.0,3.0,768
20260716_agenttrace_closed_loop_sketch_lfu_k4_rep0,agenttrace_admission_oracle_v4,trace_derived_simulation,86adc13cec5f5a186ade1082f0fb1da4944533a4,pagarsky/agent-trace: nl2bash_1_7B_20260403T211347Z,https://huggingface.co/datasets/pagarsky/agent-trace,Apache-2.0,250313ae096b0bb8c1986b6f571b68f4ff7617a12026db20214ad84188d12ae5,False,CPU-only; no live vLLM request,closed_loop,sketch,lfu,4,False,4,512,0,10,20260716,90093366ea92624227d52f24636336bcd6d66fd6982736c6b824d64fdf2291c2,512,128,128,structural agent-turn replay; Oracle-K is offline diagnosis only; no raw source text and no live latency.,Current,384,0.0,0.38024378712327306,175385.0,77081.0,3.0,3.0,1024
20260716_agenttrace_closed_loop_sketch_lfu_k8_rep0,agenttrace_admission_oracle_v4,trace_derived_simulation,86adc13cec5f5a186ade1082f0fb1da4944533a4,pagarsky/agent-trace: nl2bash_1_7B_20260403T211347Z,https://huggingface.co/datasets/pagarsky/agent-trace,Apache-2.0,250313ae096b0bb8c1986b6f571b68f4ff7617a12026db20214ad84188d12ae5,False,CPU-only; no live vLLM request,closed_loop,sketch,lfu,8,False,4,512,0,10,20260716,90093366ea92624227d52f24636336bcd6d66fd6982736c6b824d64fdf2291c2,512,128,128,structural agent-turn replay; Oracle-K is offline diagnosis only; no raw source text and no live latency.,Current,384,0.0026041666666666665,0.38024378712327306,175385.0,77081.0,3.0,3.0,1536
20260716_agenttrace_closed_loop_sketch_lfu_k16_rep0,agenttrace_admission_oracle_v4,trace_derived_simulation,86adc13cec5f5a186ade1082f0fb1da4944533a4,pagarsky/agent-trace: nl2bash_1_7B_20260403T211347Z,https://huggingface.co/datasets/pagarsky/agent-trace,Apache-2.0,250313ae096b0bb8c1986b6f571b68f4ff7617a12026db20214ad84188d12ae5,False,CPU-only; no live vLLM request,closed_loop,sketch,lfu,16,False,4,512,0,10,20260716,90093366ea92624227d52f24636336bcd6d66fd6982736c6b824d64fdf2291c2,512,128,128,structural agent-turn replay; Oracle-K is offline diagnosis only; no raw source text and no live latency.,Current,384,0.020833333333333332,0.372950886340727,164306.0,66002.0,3.0,3.0,2560
20260716_agenttrace_closed_loop_sketch_lfu_k32_rep0,agenttrace_admission_oracle_v4,trace_derived_simulation,86adc13cec5f5a186ade1082f0fb1da4944533a4,pagarsky/agent-trace: nl2bash_1_7B_20260403T211347Z,https://huggingface.co/datasets/pagarsky/agent-trace,Apache-2.0,250313ae096b0bb8c1986b6f571b68f4ff7617a12026db20214ad84188d12ae5,False,CPU-only; no live vLLM request,closed_loop,sketch,lfu,32,False,4,512,0,10,20260716,90093366ea92624227d52f24636336bcd6d66fd6982736c6b824d64fdf2291c2,512,128,128,structural agent-turn replay; Oracle-K is offline diagnosis only; no raw source text and no live latency.,Current,384,0.033854166666666664,0.37887765432575304,173628.0,75324.0,3.0,3.0,4608
20260716_agenttrace_closed_loop_sketch_lfu_k64_rep0,agenttrace_admission_oracle_v4,trace_derived_simulation,86adc13cec5f5a186ade1082f0fb1da4944533a4,pagarsky/agent-trace: nl2bash_1_7B_20260403T211347Z,https://huggingface.co/datasets/pagarsky/agent-trace,Apache-2.0,250313ae096b0bb8c1986b6f571b68f4ff7617a12026db20214ad84188d12ae5,False,CPU-only; no live vLLM request,closed_loop,sketch,lfu,64,False,4,512,0,10,20260716,90093366ea92624227d52f24636336bcd6d66fd6982736c6b824d64fdf2291c2,512,128,128,structural agent-turn replay; Oracle-K is offline diagnosis only; no raw source text and no live latency.,Current,384,0.0625,0.381517489829048,177704.0,79400.0,3.0,3.0,8704
20260716_agenttrace_closed_loop_sketch_lfu_k128_rep0,agenttrace_admission_oracle_v4,trace_derived_simulation,86adc13cec5f5a186ade1082f0fb1da4944533a4,pagarsky/agent-trace: nl2bash_1_7B_20260403T211347Z,https://huggingface.co/datasets/pagarsky/agent-trace,Apache-2.0,250313ae096b0bb8c1986b6f571b68f4ff7617a12026db20214ad84188d12ae5,False,CPU-only; no live vLLM request,closed_loop,sketch,lfu,128,False,4,512,0,10,20260716,90093366ea92624227d52f24636336bcd6d66fd6982736c6b824d64fdf2291c2,512,128,128,structural agent-turn replay; Oracle-K is offline diagnosis only; no raw source text and no live latency.,Current,384,0.140625,0.4147934609272543,225731.0,127427.0,3.0,3.0,16896
20260716_agenttrace_closed_loop_sketch_coverage_first_k2_rep0,agenttrace_admission_oracle_v4,trace_derived_simulation,86adc13cec5f5a186ade1082f0fb1da4944533a4,pagarsky/agent-trace: nl2bash_1_7B_20260403T211347Z,https://huggingface.co/datasets/pagarsky/agent-trace,Apache-2.0,250313ae096b0bb8c1986b6f571b68f4ff7617a12026db20214ad84188d12ae5,False,CPU-only; no live vLLM request,closed_loop,sketch,coverage_first,2,False,4,512,0,10,20260716,90093366ea92624227d52f24636336bcd6d66fd6982736c6b824d64fdf2291c2,512,128,128,structural agent-turn replay; Oracle-K is offline diagnosis only; no raw source text and no live latency.,Current,384,0.015625,0.3873429387346012,186551.0,88247.0,1.0,1.0,768
20260716_agenttrace_closed_loop_sketch_coverage_first_k4_rep0,agenttrace_admission_oracle_v4,trace_derived_simulation,86adc13cec5f5a186ade1082f0fb1da4944533a4,pagarsky/agent-trace: nl2bash_1_7B_20260403T211347Z,https://huggingface.co/datasets/pagarsky/agent-trace,Apache-2.0,250313ae096b0bb8c1986b6f571b68f4ff7617a12026db20214ad84188d12ae5,False,CPU-only; no live vLLM request,closed_loop,sketch,coverage_first,4,False,4,512,0,10,20260716,90093366ea92624227d52f24636336bcd6d66fd6982736c6b824d64fdf2291c2,512,128,128,structural agent-turn replay; Oracle-K is offline diagnosis only; no raw source text and no live latency.,Current,384,0.036458333333333336,0.3873429387346012,186551.0,88247.0,1.0,1.0,1024
20260716_agenttrace_closed_loop_sketch_coverage_first_k8_rep0,agenttrace_admission_oracle_v4,trace_derived_simulation,86adc13cec5f5a186ade1082f0fb1da4944533a4,pagarsky/agent-trace: nl2bash_1_7B_20260403T211347Z,https://huggingface.co/datasets/pagarsky/agent-trace,Apache-2.0,250313ae096b0bb8c1986b6f571b68f4ff7617a12026db20214ad84188d12ae5,False,CPU-only; no live vLLM request,closed_loop,sketch,coverage_first,8,False,4,512,0,10,20260716,90093366ea92624227d52f24636336bcd6d66fd6982736c6b824d64fdf2291c2,512,128,128,structural agent-turn replay; Oracle-K is offline diagnosis only; no raw source text and no live latency.,Current,384,0.057291666666666664,0.39256417282945466,194757.0,96453.0,2.0,2.0,1536
20260716_agenttrace_closed_loop_sketch_coverage_first_k16_rep0,agenttrace_admission_oracle_v4,trace_derived_simulation,86adc13cec5f5a186ade1082f0fb1da4944533a4,pagarsky/agent-trace: nl2bash_1_7B_20260403T211347Z,https://huggingface.co/datasets/pagarsky/agent-trace,Apache-2.0,250313ae096b0bb8c1986b6f571b68f4ff7617a12026db20214ad84188d12ae5,False,CPU-only; no live vLLM request,closed_loop,sketch,coverage_first,16,False,4,512,0,10,20260716,90093366ea92624227d52f24636336bcd6d66fd6982736c6b824d64fdf2291c2,512,128,128,structural agent-turn replay; Oracle-K is offline diagnosis only; no raw source text and no live latency.,Current,384,0.08854166666666667,0.404646110273483,211407.0,113103.0,2.0,2.0,2560
20260716_agenttrace_closed_loop_sketch_coverage_first_k32_rep0,agenttrace_admission_oracle_v4,trace_derived_simulation,86adc13cec5f5a186ade1082f0fb1da4944533a4,pagarsky/agent-trace: nl2bash_1_7B_20260403T211347Z,https://huggingface.co/datasets/pagarsky/agent-trace,Apache-2.0,250313ae096b0bb8c1986b6f571b68f4ff7617a12026db20214ad84188d12ae5,False,CPU-only; no live vLLM request,closed_loop,sketch,coverage_first,32,False,4,512,0,10,20260716,90093366ea92624227d52f24636336bcd6d66fd6982736c6b824d64fdf2291c2,512,128,128,structural agent-turn replay; Oracle-K is offline diagnosis only; no raw source text and no live latency.,Current,384,0.1328125,0.4134504853365682,223980.0,125676.0,2.0,2.0,4608
20260716_agenttrace_closed_loop_sketch_coverage_first_k64_rep0,agenttrace_admission_oracle_v4,trace_derived_simulation,86adc13cec5f5a186ade1082f0fb1da4944533a4,pagarsky/agent-trace: nl2bash_1_7B_20260403T211347Z,https://huggingface.co/datasets/pagarsky/agent-trace,Apache-2.0,250313ae096b0bb8c1986b6f571b68f4ff7617a12026db20214ad84188d12ae5,False,CPU-only; no live vLLM request,closed_loop,sketch,coverage_first,64,False,4,512,0,10,20260716,90093366ea92624227d52f24636336bcd6d66fd6982736c6b824d64fdf2291c2,512,128,128,structural agent-turn replay; Oracle-K is offline diagnosis only; no raw source text and no live latency.,Current,384,0.140625,0.4147934609272543,225731.0,127427.0,2.0,2.0,8704
20260716_agenttrace_closed_loop_sketch_coverage_first_k128_rep0,agenttrace_admission_oracle_v4,trace_derived_simulation,86adc13cec5f5a186ade1082f0fb1da4944533a4,pagarsky/agent-trace: nl2bash_1_7B_20260403T211347Z,https://huggingface.co/datasets/pagarsky/agent-trace,Apache-2.0,250313ae096b0bb8c1986b6f571b68f4ff7617a12026db20214ad84188d12ae5,False,CPU-only; no live vLLM request,closed_loop,sketch,coverage_first,128,False,4,512,0,10,20260716,90093366ea92624227d52f24636336bcd6d66fd6982736c6b824d64fdf2291c2,512,128,128,structural agent-turn replay; Oracle-K is offline diagnosis only; no raw source text and no live latency.,Current,384,0.140625,0.4147934609272543,225731.0,127427.0,3.0,3.0,16896
20260716_agenttrace_closed_loop_sketch_saved_prefill_first_k2_rep0,agenttrace_admission_oracle_v4,trace_derived_simulation,86adc13cec5f5a186ade1082f0fb1da4944533a4,pagarsky/agent-trace: nl2bash_1_7B_20260403T211347Z,https://huggingface.co/datasets/pagarsky/agent-trace,Apache-2.0,250313ae096b0bb8c1986b6f571b68f4ff7617a12026db20214ad84188d12ae5,False,CPU-only; no live vLLM request,closed_loop,sketch,saved_prefill_first,2,False,4,512,0,10,20260716,90093366ea92624227d52f24636336bcd6d66fd6982736c6b824d64fdf2291c2,512,128,128,structural agent-turn replay; Oracle-K is offline diagnosis only; no raw source text and no live latency.,Current,384,0.010416666666666666,0.37771099274534936,171793.0,73489.0,3.0,3.0,768
20260716_agenttrace_closed_loop_sketch_saved_prefill_first_k4_rep0,agenttrace_admission_oracle_v4,trace_derived_simulation,86adc13cec5f5a186ade1082f0fb1da4944533a4,pagarsky/agent-trace: nl2bash_1_7B_20260403T211347Z,https://huggingface.co/datasets/pagarsky/agent-trace,Apache-2.0,250313ae096b0bb8c1986b6f571b68f4ff7617a12026db20214ad84188d12ae5,False,CPU-only; no live vLLM request,closed_loop,sketch,saved_prefill_first,4,False,4,512,0,10,20260716,90093366ea92624227d52f24636336bcd6d66fd6982736c6b824d64fdf2291c2,512,128,128,structural agent-turn replay; Oracle-K is offline diagnosis only; no raw source text and no live latency.,Current,384,0.020833333333333332,0.3816967156050499,178062.0,79758.0,3.0,3.0,1024
20260716_agenttrace_closed_loop_sketch_saved_prefill_first_k8_rep0,agenttrace_admission_oracle_v4,trace_derived_simulation,86adc13cec5f5a186ade1082f0fb1da4944533a4,pagarsky/agent-trace: nl2bash_1_7B_20260403T211347Z,https://huggingface.co/datasets/pagarsky/agent-trace,Apache-2.0,250313ae096b0bb8c1986b6f571b68f4ff7617a12026db20214ad84188d12ae5,False,CPU-only; no live vLLM request,closed_loop,sketch,saved_prefill_first,8,False,4,512,0,10,20260716,90093366ea92624227d52f24636336bcd6d66fd6982736c6b824d64fdf2291c2,512,128,128,structural agent-turn replay; Oracle-K is offline diagnosis only; no raw source text and no live latency.,Current,384,0.028645833333333332,0.3807500349002973,176573.0,78269.0,3.0,3.0,1536
20260716_agenttrace_closed_loop_sketch_saved_prefill_first_k16_rep0,agenttrace_admission_oracle_v4,trace_derived_simulation,86adc13cec5f5a186ade1082f0fb1da4944533a4,pagarsky/agent-trace: nl2bash_1_7B_20260403T211347Z,https://huggingface.co/datasets/pagarsky/agent-trace,Apache-2.0,250313ae096b0bb8c1986b6f571b68f4ff7617a12026db20214ad84188d12ae5,False,CPU-only; no live vLLM request,closed_loop,sketch,saved_prefill_first,16,False,4,512,0,10,20260716,90093366ea92624227d52f24636336bcd6d66fd6982736c6b824d64fdf2291c2,512,128,128,structural agent-turn replay; Oracle-K is offline diagnosis only; no raw source text and no live latency.,Current,384,0.033854166666666664,0.38138454621214624,177571.0,79267.0,3.0,3.0,2560
20260716_agenttrace_closed_loop_sketch_saved_prefill_first_k32_rep0,agenttrace_admission_oracle_v4,trace_derived_simulation,86adc13cec5f5a186ade1082f0fb1da4944533a4,pagarsky/agent-trace: nl2bash_1_7B_20260403T211347Z,https://huggingface.co/datasets/pagarsky/agent-trace,Apache-2.0,250313ae096b0bb8c1986b6f571b68f4ff7617a12026db20214ad84188d12ae5,False,CPU-only; no live vLLM request,closed_loop,sketch,saved_prefill_first,32,False,4,512,0,10,20260716,90093366ea92624227d52f24636336bcd6d66fd6982736c6b824d64fdf2291c2,512,128,128,structural agent-turn replay; Oracle-K is offline diagnosis only; no raw source text and no live latency.,Current,384,0.046875,0.38061397736449,176359.0,78055.0,3.0,3.0,4608
20260716_agenttrace_closed_loop_sketch_saved_prefill_first_k64_rep0,agenttrace_admission_oracle_v4,trace_derived_simulation,86adc13cec5f5a186ade1082f0fb1da4944533a4,pagarsky/agent-trace: nl2bash_1_7B_20260403T211347Z,https://huggingface.co/datasets/pagarsky/agent-trace,Apache-2.0,250313ae096b0bb8c1986b6f571b68f4ff7617a12026db20214ad84188d12ae5,False,CPU-only; no live vLLM request,closed_loop,sketch,saved_prefill_first,64,False,4,512,0,10,20260716,90093366ea92624227d52f24636336bcd6d66fd6982736c6b824d64fdf2291c2,512,128,128,structural agent-turn replay; Oracle-K is offline diagnosis only; no raw source text and no live latency.,Current,384,0.12239583333333333,0.40819129328252923,215731.0,117427.0,3.0,3.0,8704
20260716_agenttrace_closed_loop_sketch_saved_prefill_first_k128_rep0,agenttrace_admission_oracle_v4,trace_derived_simulation,86adc13cec5f5a186ade1082f0fb1da4944533a4,pagarsky/agent-trace: nl2bash_1_7B_20260403T211347Z,https://huggingface.co/datasets/pagarsky/agent-trace,Apache-2.0,250313ae096b0bb8c1986b6f571b68f4ff7617a12026db20214ad84188d12ae5,False,CPU-only; no live vLLM request,closed_loop,sketch,saved_prefill_first,128,False,4,512,0,10,20260716,90093366ea92624227d52f24636336bcd6d66fd6982736c6b824d64fdf2291c2,512,128,128,structural agent-turn replay; Oracle-K is offline diagnosis only; no raw source text and no live latency.,Current,384,0.140625,0.4147934609272543,225731.0,127427.0,3.0,3.0,16896
20260716_agenttrace_closed_loop_sketch_reuse_distance_k2_rep0,agenttrace_admission_oracle_v4,trace_derived_simulation,86adc13cec5f5a186ade1082f0fb1da4944533a4,pagarsky/agent-trace: nl2bash_1_7B_20260403T211347Z,https://huggingface.co/datasets/pagarsky/agent-trace,Apache-2.0,250313ae096b0bb8c1986b6f571b68f4ff7617a12026db20214ad84188d12ae5,False,CPU-only; no live vLLM request,closed_loop,sketch,reuse_distance,2,False,4,512,0,10,20260716,90093366ea92624227d52f24636336bcd6d66fd6982736c6b824d64fdf2291c2,512,128,128,structural agent-turn replay; Oracle-K is offline diagnosis only; no raw source text and no live latency.,Current,384,0.020833333333333332,0.3816967156050499,178062.0,79758.0,1.0,1.0,768
20260716_agenttrace_closed_loop_sketch_reuse_distance_k4_rep0,agenttrace_admission_oracle_v4,trace_derived_simulation,86adc13cec5f5a186ade1082f0fb1da4944533a4,pagarsky/agent-trace: nl2bash_1_7B_20260403T211347Z,https://huggingface.co/datasets/pagarsky/agent-trace,Apache-2.0,250313ae096b0bb8c1986b6f571b68f4ff7617a12026db20214ad84188d12ae5,False,CPU-only; no live vLLM request,closed_loop,sketch,reuse_distance,4,False,4,512,0,10,20260716,90093366ea92624227d52f24636336bcd6d66fd6982736c6b824d64fdf2291c2,512,128,128,structural agent-turn replay; Oracle-K is offline diagnosis only; no raw source text and no live latency.,Current,384,0.026041666666666668,0.3814671979862348,177701.0,79397.0,1.0,1.0,1024
20260716_agenttrace_closed_loop_sketch_reuse_distance_k8_rep0,agenttrace_admission_oracle_v4,trace_derived_simulation,86adc13cec5f5a186ade1082f0fb1da4944533a4,pagarsky/agent-trace: nl2bash_1_7B_20260403T211347Z,https://huggingface.co/datasets/pagarsky/agent-trace,Apache-2.0,250313ae096b0bb8c1986b6f571b68f4ff7617a12026db20214ad84188d12ae5,False,CPU-only; no live vLLM request,closed_loop,sketch,reuse_distance,8,False,4,512,0,10,20260716,90093366ea92624227d52f24636336bcd6d66fd6982736c6b824d64fdf2291c2,512,128,128,structural agent-turn replay; Oracle-K is offline diagnosis only; no raw source text and no live latency.,Current,384,0.028645833333333332,0.38210170929808374,178699.0,80395.0,1.0,1.0,1536
20260716_agenttrace_closed_loop_sketch_reuse_distance_k16_rep0,agenttrace_admission_oracle_v4,trace_derived_simulation,86adc13cec5f5a186ade1082f0fb1da4944533a4,pagarsky/agent-trace: nl2bash_1_7B_20260403T211347Z,https://huggingface.co/datasets/pagarsky/agent-trace,Apache-2.0,250313ae096b0bb8c1986b6f571b68f4ff7617a12026db20214ad84188d12ae5,False,CPU-only; no live vLLM request,closed_loop,sketch,reuse_distance,16,False,4,512,0,10,20260716,90093366ea92624227d52f24636336bcd6d66fd6982736c6b824d64fdf2291c2,512,128,128,structural agent-turn replay; Oracle-K is offline diagnosis only; no raw source text and no live latency.,Current,384,0.036458333333333336,0.38011488780557073,175574.0,77270.0,3.0,3.0,2560
20260716_agenttrace_closed_loop_sketch_reuse_distance_k32_rep0,agenttrace_admission_oracle_v4,trace_derived_simulation,86adc13cec5f5a186ade1082f0fb1da4944533a4,pagarsky/agent-trace: nl2bash_1_7B_20260403T211347Z,https://huggingface.co/datasets/pagarsky/agent-trace,Apache-2.0,250313ae096b0bb8c1986b6f571b68f4ff7617a12026db20214ad84188d12ae5,False,CPU-only; no live vLLM request,closed_loop,sketch,reuse_distance,32,False,4,512,0,10,20260716,90093366ea92624227d52f24636336bcd6d66fd6982736c6b824d64fdf2291c2,512,128,128,structural agent-turn replay; Oracle-K is offline diagnosis only; no raw source text and no live latency.,Current,384,0.046875,0.38061397736449,176359.0,78055.0,3.0,3.0,4608
20260716_agenttrace_closed_loop_sketch_reuse_distance_k64_rep0,agenttrace_admission_oracle_v4,trace_derived_simulation,86adc13cec5f5a186ade1082f0fb1da4944533a4,pagarsky/agent-trace: nl2bash_1_7B_20260403T211347Z,https://huggingface.co/datasets/pagarsky/agent-trace,Apache-2.0,250313ae096b0bb8c1986b6f571b68f4ff7617a12026db20214ad84188d12ae5,False,CPU-only; no live vLLM request,closed_loop,sketch,reuse_distance,64,False,4,512,0,10,20260716,90093366ea92624227d52f24636336bcd6d66fd6982736c6b824d64fdf2291c2,512,128,128,structural agent-turn replay; Oracle-K is offline diagnosis only; no raw source text and no live latency.,Current,384,0.12239583333333333,0.40819129328252923,215731.0,117427.0,3.0,3.0,8704
20260716_agenttrace_closed_loop_sketch_reuse_distance_k128_rep0,agenttrace_admission_oracle_v4,trace_derived_simulation,86adc13cec5f5a186ade1082f0fb1da4944533a4,pagarsky/agent-trace: nl2bash_1_7B_20260403T211347Z,https://huggingface.co/datasets/pagarsky/agent-trace,Apache-2.0,250313ae096b0bb8c1986b6f571b68f4ff7617a12026db20214ad84188d12ae5,False,CPU-only; no live vLLM request,closed_loop,sketch,reuse_distance,128,False,4,512,0,10,20260716,90093366ea92624227d52f24636336bcd6d66fd6982736c6b824d64fdf2291c2,512,128,128,structural agent-turn replay; Oracle-K is offline diagnosis only; no raw source text and no live latency.,Current,384,0.140625,0.4147934609272543,225731.0,127427.0,3.0,3.0,16896
20260716_agenttrace_closed_loop_sketch_oracle_future_value_k2_rep0,agenttrace_admission_oracle_v4,trace_derived_simulation,86adc13cec5f5a186ade1082f0fb1da4944533a4,pagarsky/agent-trace: nl2bash_1_7B_20260403T211347Z,https://huggingface.co/datasets/pagarsky/agent-trace,Apache-2.0,250313ae096b0bb8c1986b6f571b68f4ff7617a12026db20214ad84188d12ae5,False,CPU-only; no live vLLM request,closed_loop,sketch,oracle_future_value,2,True,4,512,0,10,20260716,90093366ea92624227d52f24636336bcd6d66fd6982736c6b824d64fdf2291c2,512,128,128,structural agent-turn replay; Oracle-K is offline diagnosis only; no raw source text and no live latency.,UpperBoundOnly,384,0.0546875,0.3921386221567116,193973.0,95669.0,2.0,2.0,768
20260716_agenttrace_closed_loop_sketch_oracle_future_value_k4_rep0,agenttrace_admission_oracle_v4,trace_derived_simulation,86adc13cec5f5a186ade1082f0fb1da4944533a4,pagarsky/agent-trace: nl2bash_1_7B_20260403T211347Z,https://huggingface.co/datasets/pagarsky/agent-trace,Apache-2.0,250313ae096b0bb8c1986b6f571b68f4ff7617a12026db20214ad84188d12ae5,False,CPU-only; no live vLLM request,closed_loop,sketch,oracle_future_value,4,True,4,512,0,10,20260716,90093366ea92624227d52f24636336bcd6d66fd6982736c6b824d64fdf2291c2,512,128,128,structural agent-turn replay; Oracle-K is offline diagnosis only; no raw source text and no live latency.,UpperBoundOnly,384,0.08333333333333333,0.401715827234914,208888.0,110584.0,2.0,2.0,1024
20260716_agenttrace_closed_loop_sketch_oracle_future_value_k8_rep0,agenttrace_admission_oracle_v4,trace_derived_simulation,86adc13cec5f5a186ade1082f0fb1da4944533a4,pagarsky/agent-trace: nl2bash_1_7B_20260403T211347Z,https://huggingface.co/datasets/pagarsky/agent-trace,Apache-2.0,250313ae096b0bb8c1986b6f571b68f4ff7617a12026db20214ad84188d12ae5,False,CPU-only; no live vLLM request,closed_loop,sketch,oracle_future_value,8,True,4,512,0,10,20260716,90093366ea92624227d52f24636336bcd6d66fd6982736c6b824d64fdf2291c2,512,128,128,structural agent-turn replay; Oracle-K is offline diagnosis only; no raw source text and no live latency.,UpperBoundOnly,384,0.11197916666666667,0.4086767520154278,217500.0,119196.0,2.0,2.0,1536
20260716_agenttrace_closed_loop_sketch_oracle_future_value_k16_rep0,agenttrace_admission_oracle_v4,trace_derived_simulation,86adc13cec5f5a186ade1082f0fb1da4944533a4,pagarsky/agent-trace: nl2bash_1_7B_20260403T211347Z,https://huggingface.co/datasets/pagarsky/agent-trace,Apache-2.0,250313ae096b0bb8c1986b6f571b68f4ff7617a12026db20214ad84188d12ae5,False,CPU-only; no live vLLM request,closed_loop,sketch,oracle_future_value,16,True,4,512,0,10,20260716,90093366ea92624227d52f24636336bcd6d66fd6982736c6b824d64fdf2291c2,512,128,128,structural agent-turn replay; Oracle-K is offline diagnosis only; no raw source text and no live latency.,UpperBoundOnly,384,0.13541666666666666,0.41200656960564014,222029.0,123725.0,2.0,2.0,2560
20260716_agenttrace_closed_loop_sketch_oracle_future_value_k32_rep0,agenttrace_admission_oracle_v4,trace_derived_simulation,86adc13cec5f5a186ade1082f0fb1da4944533a4,pagarsky/agent-trace: nl2bash_1_7B_20260403T211347Z,https://huggingface.co/datasets/pagarsky/agent-trace,Apache-2.0,250313ae096b0bb8c1986b6f571b68f4ff7617a12026db20214ad84188d12ae5,False,CPU-only; no live vLLM request,closed_loop,sketch,oracle_future_value,32,True,4,512,0,10,20260716,90093366ea92624227d52f24636336bcd6d66fd6982736c6b824d64fdf2291c2,512,128,128,structural agent-turn replay; Oracle-K is offline diagnosis only; no raw source text and no live latency.,UpperBoundOnly,384,0.140625,0.4147934609272543,225731.0,127427.0,3.0,3.0,4608
20260716_agenttrace_closed_loop_sketch_oracle_future_value_k64_rep0,agenttrace_admission_oracle_v4,trace_derived_simulation,86adc13cec5f5a186ade1082f0fb1da4944533a4,pagarsky/agent-trace: nl2bash_1_7B_20260403T211347Z,https://huggingface.co/datasets/pagarsky/agent-trace,Apache-2.0,250313ae096b0bb8c1986b6f571b68f4ff7617a12026db20214ad84188d12ae5,False,CPU-only; no live vLLM request,closed_loop,sketch,oracle_future_value,64,True,4,512,0,10,20260716,90093366ea92624227d52f24636336bcd6d66fd6982736c6b824d64fdf2291c2,512,128,128,structural agent-turn replay; Oracle-K is offline diagnosis only; no raw source text and no live latency.,UpperBoundOnly,384,0.140625,0.4147934609272543,225731.0,127427.0,3.0,3.0,8704
20260716_agenttrace_closed_loop_sketch_oracle_future_value_k128_rep0,agenttrace_admission_oracle_v4,trace_derived_simulation,86adc13cec5f5a186ade1082f0fb1da4944533a4,pagarsky/agent-trace: nl2bash_1_7B_20260403T211347Z,https://huggingface.co/datasets/pagarsky/agent-trace,Apache-2.0,250313ae096b0bb8c1986b6f571b68f4ff7617a12026db20214ad84188d12ae5,False,CPU-only; no live vLLM request,closed_loop,sketch,oracle_future_value,128,True,4,512,0,10,20260716,90093366ea92624227d52f24636336bcd6d66fd6982736c6b824d64fdf2291c2,512,128,128,structural agent-turn replay; Oracle-K is offline diagnosis only; no raw source text and no live latency.,UpperBoundOnly,384,0.140625,0.4147934609272543,225731.0,127427.0,3.0,3.0,16896
20260716_agenttrace_frozen_load_only_kinf_rep1,agenttrace_admission_oracle_v4,trace_derived_simulation,86adc13cec5f5a186ade1082f0fb1da4944533a4,pagarsky/agent-trace: nl2bash_1_7B_20260403T211347Z,https://huggingface.co/datasets/pagarsky/agent-trace,Apache-2.0,250313ae096b0bb8c1986b6f571b68f4ff7617a12026db20214ad84188d12ae5,False,CPU-only; no live vLLM request,frozen,load_only,none,inf,False,4,512,1,10,20260716,2b17620c82cdc934ff06b8e745d7b39ad31f763666630ec1230aec8f00034802,512,128,128,structural agent-turn replay; Oracle-K is offline diagnosis only; no raw source text and no live latency.,Current,384,0.0,0.3199273052200942,101512.0,3208.0,0.0,0.0,384
20260716_agenttrace_frozen_exact_kinf_rep1,agenttrace_admission_oracle_v4,trace_derived_simulation,86adc13cec5f5a186ade1082f0fb1da4944533a4,pagarsky/agent-trace: nl2bash_1_7B_20260403T211347Z,https://huggingface.co/datasets/pagarsky/agent-trace,Apache-2.0,250313ae096b0bb8c1986b6f571b68f4ff7617a12026db20214ad84188d12ae5,False,CPU-only; no live vLLM request,frozen,exact,exact,inf,False,4,512,1,10,20260716,2b17620c82cdc934ff06b8e745d7b39ad31f763666630ec1230aec8f00034802,512,128,128,structural agent-turn replay; Oracle-K is offline diagnosis only; no raw source text and no live latency.,Current,384,1.0,0.32729844242835815,107528.0,9224.0,4.0,4.0,10304
20260716_agenttrace_frozen_sketch_lru_k2_rep1,agenttrace_admission_oracle_v4,trace_derived_simulation,86adc13cec5f5a186ade1082f0fb1da4944533a4,pagarsky/agent-trace: nl2bash_1_7B_20260403T211347Z,https://huggingface.co/datasets/pagarsky/agent-trace,Apache-2.0,250313ae096b0bb8c1986b6f571b68f4ff7617a12026db20214ad84188d12ae5,False,CPU-only; no live vLLM request,frozen,sketch,lru,2,False,4,512,1,10,20260716,2b17620c82cdc934ff06b8e745d7b39ad31f763666630ec1230aec8f00034802,512,128,128,structural agent-turn replay; Oracle-K is offline diagnosis only; no raw source text and no live latency.,Current,384,0.0,0.31884871635030343,100090.0,1786.0,0.0,0.0,896
20260716_agenttrace_frozen_sketch_lru_k4_rep1,agenttrace_admission_oracle_v4,trace_derived_simulation,86adc13cec5f5a186ade1082f0fb1da4944533a4,pagarsky/agent-trace: nl2bash_1_7B_20260403T211347Z,https://huggingface.co/datasets/pagarsky/agent-trace,Apache-2.0,250313ae096b0bb8c1986b6f571b68f4ff7617a12026db20214ad84188d12ae5,False,CPU-only; no live vLLM request,frozen,sketch,lru,4,False,4,512,1,10,20260716,2b17620c82cdc934ff06b8e745d7b39ad31f763666630ec1230aec8f00034802,512,128,128,structural agent-turn replay; Oracle-K is offline diagnosis only; no raw source text and no live latency.,Current,384,0.0,0.31920207472504436,100326.0,2022.0,1.0,1.0,1408
20260716_agenttrace_frozen_sketch_lru_k8_rep1,agenttrace_admission_oracle_v4,trace_derived_simulation,86adc13cec5f5a186ade1082f0fb1da4944533a4,pagarsky/agent-trace: nl2bash_1_7B_20260403T211347Z,https://huggingface.co/datasets/pagarsky/agent-trace,Apache-2.0,250313ae096b0bb8c1986b6f571b68f4ff7617a12026db20214ad84188d12ae5,False,CPU-only; no live vLLM request,frozen,sketch,lru,8,False,4,512,1,10,20260716,2b17620c82cdc934ff06b8e745d7b39ad31f763666630ec1230aec8f00034802,512,128,128,structural agent-turn replay; Oracle-K is offline diagnosis only; no raw source text and no live latency.,Current,384,0.0,0.3189337974770913,100407.0,2103.0,1.0,1.0,2432
20260716_agenttrace_frozen_sketch_lru_k16_rep1,agenttrace_admission_oracle_v4,trace_derived_simulation,86adc13cec5f5a186ade1082f0fb1da4944533a4,pagarsky/agent-trace: nl2bash_1_7B_20260403T211347Z,https://huggingface.co/datasets/pagarsky/agent-trace,Apache-2.0,250313ae096b0bb8c1986b6f571b68f4ff7617a12026db20214ad84188d12ae5,False,CPU-only; no live vLLM request,frozen,sketch,lru,16,False,4,512,1,10,20260716,2b17620c82cdc934ff06b8e745d7b39ad31f763666630ec1230aec8f00034802,512,128,128,structural agent-turn replay; Oracle-K is offline diagnosis only; no raw source text and no live latency.,Current,384,0.0,0.3206683296774751,101679.0,3375.0,1.0,1.0,4480
20260716_agenttrace_frozen_sketch_lru_k32_rep1,agenttrace_admission_oracle_v4,trace_derived_simulation,86adc13cec5f5a186ade1082f0fb1da4944533a4,pagarsky/agent-trace: nl2bash_1_7B_20260403T211347Z,https://huggingface.co/datasets/pagarsky/agent-trace,Apache-2.0,250313ae096b0bb8c1986b6f571b68f4ff7617a12026db20214ad84188d12ae5,False,CPU-only; no live vLLM request,frozen,sketch,lru,32,False,4,512,1,10,20260716,2b17620c82cdc934ff06b8e745d7b39ad31f763666630ec1230aec8f00034802,512,128,128,structural agent-turn replay; Oracle-K is offline diagnosis only; no raw source text and no live latency.,Current,384,0.005208333333333333,0.3202185801812675,102269.0,3965.0,2.0,2.0,8576
20260716_agenttrace_frozen_sketch_lru_k64_rep1,agenttrace_admission_oracle_v4,trace_derived_simulation,86adc13cec5f5a186ade1082f0fb1da4944533a4,pagarsky/agent-trace: nl2bash_1_7B_20260403T211347Z,https://huggingface.co/datasets/pagarsky/agent-trace,Apache-2.0,250313ae096b0bb8c1986b6f571b68f4ff7617a12026db20214ad84188d12ae5,False,CPU-only; no live vLLM request,frozen,sketch,lru,64,False,4,512,1,10,20260716,2b17620c82cdc934ff06b8e745d7b39ad31f763666630ec1230aec8f00034802,512,128,128,structural agent-turn replay; Oracle-K is offline diagnosis only; no raw source text and no live latency.,Current,384,0.005208333333333333,0.3209818055811098,102731.0,4427.0,4.0,4.0,10304
20260716_agenttrace_frozen_sketch_lru_k128_rep1,agenttrace_admission_oracle_v4,trace_derived_simulation,86adc13cec5f5a186ade1082f0fb1da4944533a4,pagarsky/agent-trace: nl2bash_1_7B_20260403T211347Z,https://huggingface.co/datasets/pagarsky/agent-trace,Apache-2.0,250313ae096b0bb8c1986b6f571b68f4ff7617a12026db20214ad84188d12ae5,False,CPU-only; no live vLLM request,frozen,sketch,lru,128,False,4,512,1,10,20260716,2b17620c82cdc934ff06b8e745d7b39ad31f763666630ec1230aec8f00034802,512,128,128,structural agent-turn replay; Oracle-K is offline diagnosis only; no raw source text and no live latency.,Current,384,0.005208333333333333,0.3209818055811098,102731.0,4427.0,4.0,4.0,10304
20260716_agenttrace_frozen_sketch_lfu_k2_rep1,agenttrace_admission_oracle_v4,trace_derived_simulation,86adc13cec5f5a186ade1082f0fb1da4944533a4,pagarsky/agent-trace: nl2bash_1_7B_20260403T211347Z,https://huggingface.co/datasets/pagarsky/agent-trace,Apache-2.0,250313ae096b0bb8c1986b6f571b68f4ff7617a12026db20214ad84188d12ae5,False,CPU-only; no live vLLM request,frozen,sketch,lfu,2,False,4,512,1,10,20260716,2b17620c82cdc934ff06b8e745d7b39ad31f763666630ec1230aec8f00034802,512,128,128,structural agent-turn replay; Oracle-K is offline diagnosis only; no raw source text and no live latency.,Current,384,0.0,0.3198062430404197,100882.0,2578.0,4.0,4.0,896
20260716_agenttrace_frozen_sketch_lfu_k4_rep1,agenttrace_admission_oracle_v4,trace_derived_simulation,86adc13cec5f5a186ade1082f0fb1da4944533a4,pagarsky/agent-trace: nl2bash_1_7B_20260403T211347Z,https://huggingface.co/datasets/pagarsky/agent-trace,Apache-2.0,250313ae096b0bb8c1986b6f571b68f4ff7617a12026db20214ad84188d12ae5,False,CPU-only; no live vLLM request,frozen,sketch,lfu,4,False,4,512,1,10,20260716,2b17620c82cdc934ff06b8e745d7b39ad31f763666630ec1230aec8f00034802,512,128,128,structural agent-turn replay; Oracle-K is offline diagnosis only; no raw source text and no live latency.,Current,384,0.0,0.3198062430404197,100882.0,2578.0,4.0,4.0,1408
20260716_agenttrace_frozen_sketch_lfu_k8_rep1,agenttrace_admission_oracle_v4,trace_derived_simulation,86adc13cec5f5a186ade1082f0fb1da4944533a4,pagarsky/agent-trace: nl2bash_1_7B_20260403T211347Z,https://huggingface.co/datasets/pagarsky/agent-trace,Apache-2.0,250313ae096b0bb8c1986b6f571b68f4ff7617a12026db20214ad84188d12ae5,False,CPU-only; no live vLLM request,frozen,sketch,lfu,8,False,4,512,1,10,20260716,2b17620c82cdc934ff06b8e745d7b39ad31f763666630ec1230aec8f00034802,512,128,128,structural agent-turn replay; Oracle-K is offline diagnosis only; no raw source text and no live latency.,Current,384,0.0,0.3198062430404197,100882.0,2578.0,4.0,4.0,2432
20260716_agenttrace_frozen_sketch_lfu_k16_rep1,agenttrace_admission_oracle_v4,trace_derived_simulation,86adc13cec5f5a186ade1082f0fb1da4944533a4,pagarsky/agent-trace: nl2bash_1_7B_20260403T211347Z,https://huggingface.co/datasets/pagarsky/agent-trace,Apache-2.0,250313ae096b0bb8c1986b6f571b68f4ff7617a12026db20214ad84188d12ae5,False,CPU-only; no live vLLM request,frozen,sketch,lfu,16,False,4,512,1,10,20260716,2b17620c82cdc934ff06b8e745d7b39ad31f763666630ec1230aec8f00034802,512,128,128,structural agent-turn replay; Oracle-K is offline diagnosis only; no raw source text and no live latency.,Current,384,0.005208333333333333,0.3209818055811098,102731.0,4427.0,4.0,4.0,4480
20260716_agenttrace_frozen_sketch_lfu_k32_rep1,agenttrace_admission_oracle_v4,trace_derived_simulation,86adc13cec5f5a186ade1082f0fb1da4944533a4,pagarsky/agent-trace: nl2bash_1_7B_20260403T211347Z,https://huggingface.co/datasets/pagarsky/agent-trace,Apache-2.0,250313ae096b0bb8c1986b6f571b68f4ff7617a12026db20214ad84188d12ae5,False,CPU-only; no live vLLM request,frozen,sketch,lfu,32,False,4,512,1,10,20260716,2b17620c82cdc934ff06b8e745d7b39ad31f763666630ec1230aec8f00034802,512,128,128,structural agent-turn replay; Oracle-K is offline diagnosis only; no raw source text and no live latency.,Current,384,0.005208333333333333,0.3209818055811098,102731.0,4427.0,4.0,4.0,8576
20260716_agenttrace_frozen_sketch_lfu_k64_rep1,agenttrace_admission_oracle_v4,trace_derived_simulation,86adc13cec5f5a186ade1082f0fb1da4944533a4,pagarsky/agent-trace: nl2bash_1_7B_20260403T211347Z,https://huggingface.co/datasets/pagarsky/agent-trace,Apache-2.0,250313ae096b0bb8c1986b6f571b68f4ff7617a12026db20214ad84188d12ae5,False,CPU-only; no live vLLM request,frozen,sketch,lfu,64,False,4,512,1,10,20260716,2b17620c82cdc934ff06b8e745d7b39ad31f763666630ec1230aec8f00034802,512,128,128,structural agent-turn replay; Oracle-K is offline diagnosis only; no raw source text and no live latency.,Current,384,0.005208333333333333,0.3209818055811098,102731.0,4427.0,4.0,4.0,10304
20260716_agenttrace_frozen_sketch_lfu_k128_rep1,agenttrace_admission_oracle_v4,trace_derived_simulation,86adc13cec5f5a186ade1082f0fb1da4944533a4,pagarsky/agent-trace: nl2bash_1_7B_20260403T211347Z,https://huggingface.co/datasets/pagarsky/agent-trace,Apache-2.0,250313ae096b0bb8c1986b6f571b68f4ff7617a12026db20214ad84188d12ae5,False,CPU-only; no live vLLM request,frozen,sketch,lfu,128,False,4,512,1,10,20260716,2b17620c82cdc934ff06b8e745d7b39ad31f763666630ec1230aec8f00034802,512,128,128,structural agent-turn replay; Oracle-K is offline diagnosis only; no raw source text and no live latency.,Current,384,0.005208333333333333,0.3209818055811098,102731.0,4427.0,4.0,4.0,10304
20260716_agenttrace_frozen_sketch_coverage_first_k2_rep1,agenttrace_admission_oracle_v4,trace_derived_simulation,86adc13cec5f5a186ade1082f0fb1da4944533a4,pagarsky/agent-trace: nl2bash_1_7B_20260403T211347Z,https://huggingface.co/datasets/pagarsky/agent-trace,Apache-2.0,250313ae096b0bb8c1986b6f571b68f4ff7617a12026db20214ad84188d12ae5,False,CPU-only; no live vLLM request,frozen,sketch,coverage_first,2,False,4,512,1,10,20260716,2b17620c82cdc934ff06b8e745d7b39ad31f763666630ec1230aec8f00034802,512,128,128,structural agent-turn replay; Oracle-K is offline diagnosis only; no raw source text and no live latency.,Current,384,0.005208333333333333,0.32047934302235764,102392.0,4088.0,0.0,0.0,896
20260716_agenttrace_frozen_sketch_coverage_first_k4_rep1,agenttrace_admission_oracle_v4,trace_derived_simulation,86adc13cec5f5a186ade1082f0fb1da4944533a4,pagarsky/agent-trace: nl2bash_1_7B_20260403T211347Z,https://huggingface.co/datasets/pagarsky/agent-trace,Apache-2.0,250313ae096b0bb8c1986b6f571b68f4ff7617a12026db20214ad84188d12ae5,False,CPU-only; no live vLLM request,frozen,sketch,coverage_first,4,False,4,512,1,10,20260716,2b17620c82cdc934ff06b8e745d7b39ad31f763666630ec1230aec8f00034802,512,128,128,structural agent-turn replay; Oracle-K is offline diagnosis only; no raw source text and no live latency.,Current,384,0.005208333333333333,0.32053841220997786,102319.0,4015.0,1.0,1.0,1408
20260716_agenttrace_frozen_sketch_coverage_first_k8_rep1,agenttrace_admission_oracle_v4,trace_derived_simulation,86adc13cec5f5a186ade1082f0fb1da4944533a4,pagarsky/agent-trace: nl2bash_1_7B_20260403T211347Z,https://huggingface.co/datasets/pagarsky/agent-trace,Apache-2.0,250313ae096b0bb8c1986b6f571b68f4ff7617a12026db20214ad84188d12ae5,False,CPU-only; no live vLLM request,frozen,sketch,coverage_first,8,False,4,512,1,10,20260716,2b17620c82cdc934ff06b8e745d7b39ad31f763666630ec1230aec8f00034802,512,128,128,structural agent-turn replay; Oracle-K is offline diagnosis only; no raw source text and no live latency.,Current,384,0.005208333333333333,0.31988331674365245,102142.0,3838.0,1.0,1.0,2432
20260716_agenttrace_frozen_sketch_coverage_first_k16_rep1,agenttrace_admission_oracle_v4,trace_derived_simulation,86adc13cec5f5a186ade1082f0fb1da4944533a4,pagarsky/agent-trace: nl2bash_1_7B_20260403T211347Z,https://huggingface.co/datasets/pagarsky/agent-trace,Apache-2.0,250313ae096b0bb8c1986b6f571b68f4ff7617a12026db20214ad84188d12ae5,False,CPU-only; no live vLLM request,frozen,sketch,coverage_first,16,False,4,512,1,10,20260716,2b17620c82cdc934ff06b8e745d7b39ad31f763666630ec1230aec8f00034802,512,128,128,structural agent-turn replay; Oracle-K is offline diagnosis only; no raw source text and no live latency.,Current,384,0.005208333333333333,0.3198263499960343,101969.0,3665.0,1.0,1.0,4480
20260716_agenttrace_frozen_sketch_coverage_first_k32_rep1,agenttrace_admission_oracle_v4,trace_derived_simulation,86adc13cec5f5a186ade1082f0fb1da4944533a4,pagarsky/agent-trace: nl2bash_1_7B_20260403T211347Z,https://huggingface.co/datasets/pagarsky/agent-trace,Apache-2.0,250313ae096b0bb8c1986b6f571b68f4ff7617a12026db20214ad84188d12ae5,False,CPU-only; no live vLLM request,frozen,sketch,coverage_first,32,False,4,512,1,10,20260716,2b17620c82cdc934ff06b8e745d7b39ad31f763666630ec1230aec8f00034802,512,128,128,structural agent-turn replay; Oracle-K is offline diagnosis only; no raw source text and no live latency.,Current,384,0.005208333333333333,0.32034409076519077,102254.0,3950.0,2.0,2.0,8576
20260716_agenttrace_frozen_sketch_coverage_first_k64_rep1,agenttrace_admission_oracle_v4,trace_derived_simulation,86adc13cec5f5a186ade1082f0fb1da4944533a4,pagarsky/agent-trace: nl2bash_1_7B_20260403T211347Z,https://huggingface.co/datasets/pagarsky/agent-trace,Apache-2.0,250313ae096b0bb8c1986b6f571b68f4ff7617a12026db20214ad84188d12ae5,False,CPU-only; no live vLLM request,frozen,sketch,coverage_first,64,False,4,512,1,10,20260716,2b17620c82cdc934ff06b8e745d7b39ad31f763666630ec1230aec8f00034802,512,128,128,structural agent-turn replay; Oracle-K is offline diagnosis only; no raw source text and no live latency.,Current,384,0.005208333333333333,0.3209818055811098,102731.0,4427.0,4.0,4.0,10304
20260716_agenttrace_frozen_sketch_coverage_first_k128_rep1,agenttrace_admission_oracle_v4,trace_derived_simulation,86adc13cec5f5a186ade1082f0fb1da4944533a4,pagarsky/agent-trace: nl2bash_1_7B_20260403T211347Z,https://huggingface.co/datasets/pagarsky/agent-trace,Apache-2.0,250313ae096b0bb8c1986b6f571b68f4ff7617a12026db20214ad84188d12ae5,False,CPU-only; no live vLLM request,frozen,sketch,coverage_first,128,False,4,512,1,10,20260716,2b17620c82cdc934ff06b8e745d7b39ad31f763666630ec1230aec8f00034802,512,128,128,structural agent-turn replay; Oracle-K is offline diagnosis only; no raw source text and no live latency.,Current,384,0.005208333333333333,0.3209818055811098,102731.0,4427.0,4.0,4.0,10304
20260716_agenttrace_frozen_sketch_saved_prefill_first_k2_rep1,agenttrace_admission_oracle_v4,trace_derived_simulation,86adc13cec5f5a186ade1082f0fb1da4944533a4,pagarsky/agent-trace: nl2bash_1_7B_20260403T211347Z,https://huggingface.co/datasets/pagarsky/agent-trace,Apache-2.0,250313ae096b0bb8c1986b6f571b68f4ff7617a12026db20214ad84188d12ae5,False,CPU-only; no live vLLM request,frozen,sketch,saved_prefill_first,2,False,4,512,1,10,20260716,2b17620c82cdc934ff06b8e745d7b39ad31f763666630ec1230aec8f00034802,512,128,128,structural agent-turn replay; Oracle-K is offline diagnosis only; no raw source text and no live latency.,Current,384,0.005208333333333333,0.3209818055811098,102731.0,4427.0,4.0,4.0,896
20260716_agenttrace_frozen_sketch_saved_prefill_first_k4_rep1,agenttrace_admission_oracle_v4,trace_derived_simulation,86adc13cec5f5a186ade1082f0fb1da4944533a4,pagarsky/agent-trace: nl2bash_1_7B_20260403T211347Z,https://huggingface.co/datasets/pagarsky/agent-trace,Apache-2.0,250313ae096b0bb8c1986b6f571b68f4ff7617a12026db20214ad84188d12ae5,False,CPU-only; no live vLLM request,frozen,sketch,saved_prefill_first,4,False,4,512,1,10,20260716,2b17620c82cdc934ff06b8e745d7b39ad31f763666630ec1230aec8f00034802,512,128,128,structural agent-turn replay; Oracle-K is offline diagnosis only; no raw source text and no live latency.,Current,384,0.005208333333333333,0.3209818055811098,102731.0,4427.0,4.0,4.0,1408
20260716_agenttrace_frozen_sketch_saved_prefill_first_k8_rep1,agenttrace_admission_oracle_v4,trace_derived_simulation,86adc13cec5f5a186ade1082f0fb1da4944533a4,pagarsky/agent-trace: nl2bash_1_7B_20260403T211347Z,https://huggingface.co/datasets/pagarsky/agent-trace,Apache-2.0,250313ae096b0bb8c1986b6f571b68f4ff7617a12026db20214ad84188d12ae5,False,CPU-only; no live vLLM request,frozen,sketch,saved_prefill_first,8,False,4,512,1,10,20260716,2b17620c82cdc934ff06b8e745d7b39ad31f763666630ec1230aec8f00034802,512,128,128,structural agent-turn replay; Oracle-K is offline diagnosis only; no raw source text and no live latency.,Current,384,0.005208333333333333,0.3209818055811098,102731.0,4427.0,4.0,4.0,2432
20260716_agenttrace_frozen_sketch_saved_prefill_first_k16_rep1,agenttrace_admission_oracle_v4,trace_derived_simulation,86adc13cec5f5a186ade1082f0fb1da4944533a4,pagarsky/agent-trace: nl2bash_1_7B_20260403T211347Z,https://huggingface.co/datasets/pagarsky/agent-trace,Apache-2.0,250313ae096b0bb8c1986b6f571b68f4ff7617a12026db20214ad84188d12ae5,False,CPU-only; no live vLLM request,frozen,sketch,saved_prefill_first,16,False,4,512,1,10,20260716,2b17620c82cdc934ff06b8e745d7b39ad31f763666630ec1230aec8f00034802,512,128,128,structural agent-turn replay; Oracle-K is offline diagnosis only; no raw source text and no live latency.,Current,384,0.005208333333333333,0.3209818055811098,102731.0,4427.0,4.0,4.0,4480
20260716_agenttrace_frozen_sketch_saved_prefill_first_k32_rep1,agenttrace_admission_oracle_v4,trace_derived_simulation,86adc13cec5f5a186ade1082f0fb1da4944533a4,pagarsky/agent-trace: nl2bash_1_7B_20260403T211347Z,https://huggingface.co/datasets/pagarsky/agent-trace,Apache-2.0,250313ae096b0bb8c1986b6f571b68f4ff7617a12026db20214ad84188d12ae5,False,CPU-only; no live vLLM request,frozen,sketch,saved_prefill_first,32,False,4,512,1,10,20260716,2b17620c82cdc934ff06b8e745d7b39ad31f763666630ec1230aec8f00034802,512,128,128,structural agent-turn replay; Oracle-K is offline diagnosis only; no raw source text and no live latency.,Current,384,0.005208333333333333,0.3209818055811098,102731.0,4427.0,4.0,4.0,8576
20260716_agenttrace_frozen_sketch_saved_prefill_first_k64_rep1,agenttrace_admission_oracle_v4,trace_derived_simulation,86adc13cec5f5a186ade1082f0fb1da4944533a4,pagarsky/agent-trace: nl2bash_1_7B_20260403T211347Z,https://huggingface.co/datasets/pagarsky/agent-trace,Apache-2.0,250313ae096b0bb8c1986b6f571b68f4ff7617a12026db20214ad84188d12ae5,False,CPU-only; no live vLLM request,frozen,sketch,saved_prefill_first,64,False,4,512,1,10,20260716,2b17620c82cdc934ff06b8e745d7b39ad31f763666630ec1230aec8f00034802,512,128,128,structural agent-turn replay; Oracle-K is offline diagnosis only; no raw source text and no live latency.,Current,384,0.005208333333333333,0.3209818055811098,102731.0,4427.0,4.0,4.0,10304
20260716_agenttrace_frozen_sketch_saved_prefill_first_k128_rep1,agenttrace_admission_oracle_v4,trace_derived_simulation,86adc13cec5f5a186ade1082f0fb1da4944533a4,pagarsky/agent-trace: nl2bash_1_7B_20260403T211347Z,https://huggingface.co/datasets/pagarsky/agent-trace,Apache-2.0,250313ae096b0bb8c1986b6f571b68f4ff7617a12026db20214ad84188d12ae5,False,CPU-only; no live vLLM request,frozen,sketch,saved_prefill_first,128,False,4,512,1,10,20260716,2b17620c82cdc934ff06b8e745d7b39ad31f763666630ec1230aec8f00034802,512,128,128,structural agent-turn replay; Oracle-K is offline diagnosis only; no raw source text and no live latency.,Current,384,0.005208333333333333,0.3209818055811098,102731.0,4427.0,4.0,4.0,10304
20260716_agenttrace_frozen_sketch_reuse_distance_k2_rep1,agenttrace_admission_oracle_v4,trace_derived_simulation,86adc13cec5f5a186ade1082f0fb1da4944533a4,pagarsky/agent-trace: nl2bash_1_7B_20260403T211347Z,https://huggingface.co/datasets/pagarsky/agent-trace,Apache-2.0,250313ae096b0bb8c1986b6f571b68f4ff7617a12026db20214ad84188d12ae5,False,CPU-only; no live vLLM request,frozen,sketch,reuse_distance,2,False,4,512,1,10,20260716,2b17620c82cdc934ff06b8e745d7b39ad31f763666630ec1230aec8f00034802,512,128,128,structural agent-turn replay; Oracle-K is offline diagnosis only; no raw source text and no live latency.,Current,384,0.005208333333333333,0.32047934302235764,102392.0,4088.0,0.0,0.0,896
20260716_agenttrace_frozen_sketch_reuse_distance_k4_rep1,agenttrace_admission_oracle_v4,trace_derived_simulation,86adc13cec5f5a186ade1082f0fb1da4944533a4,pagarsky/agent-trace: nl2bash_1_7B_20260403T211347Z,https://huggingface.co/datasets/pagarsky/agent-trace,Apache-2.0,250313ae096b0bb8c1986b6f571b68f4ff7617a12026db20214ad84188d12ae5,False,CPU-only; no live vLLM request,frozen,sketch,reuse_distance,4,False,4,512,1,10,20260716,2b17620c82cdc934ff06b8e745d7b39ad31f763666630ec1230aec8f00034802,512,128,128,structural agent-turn replay; Oracle-K is offline diagnosis only; no raw source text and no live latency.,Current,384,0.005208333333333333,0.32004484535423383,102401.0,4097.0,1.0,1.0,1408
20260716_agenttrace_frozen_sketch_reuse_distance_k8_rep1,agenttrace_admission_oracle_v4,trace_derived_simulation,86adc13cec5f5a186ade1082f0fb1da4944533a4,pagarsky/agent-trace: nl2bash_1_7B_20260403T211347Z,https://huggingface.co/datasets/pagarsky/agent-trace,Apache-2.0,250313ae096b0bb8c1986b6f571b68f4ff7617a12026db20214ad84188d12ae5,False,CPU-only; no live vLLM request,frozen,sketch,reuse_distance,8,False,4,512,1,10,20260716,2b17620c82cdc934ff06b8e745d7b39ad31f763666630ec1230aec8f00034802,512,128,128,structural agent-turn replay; Oracle-K is offline diagnosis only; no raw source text and no live latency.,Current,384,0.005208333333333333,0.32008351070622193,102043.0,3739.0,1.0,1.0,2432
20260716_agenttrace_frozen_sketch_reuse_distance_k16_rep1,agenttrace_admission_oracle_v4,trace_derived_simulation,86adc13cec5f5a186ade1082f0fb1da4944533a4,pagarsky/agent-trace: nl2bash_1_7B_20260403T211347Z,https://huggingface.co/datasets/pagarsky/agent-trace,Apache-2.0,250313ae096b0bb8c1986b6f571b68f4ff7617a12026db20214ad84188d12ae5,False,CPU-only; no live vLLM request,frozen,sketch,reuse_distance,16,False,4,512,1,10,20260716,2b17620c82cdc934ff06b8e745d7b39ad31f763666630ec1230aec8f00034802,512,128,128,structural agent-turn replay; Oracle-K is offline diagnosis only; no raw source text and no live latency.,Current,384,0.005208333333333333,0.3196524278913361,101893.0,3589.0,1.0,1.0,4480
20260716_agenttrace_frozen_sketch_reuse_distance_k32_rep1,agenttrace_admission_oracle_v4,trace_derived_simulation,86adc13cec5f5a186ade1082f0fb1da4944533a4,pagarsky/agent-trace: nl2bash_1_7B_20260403T211347Z,https://huggingface.co/datasets/pagarsky/agent-trace,Apache-2.0,250313ae096b0bb8c1986b6f571b68f4ff7617a12026db20214ad84188d12ae5,False,CPU-only; no live vLLM request,frozen,sketch,reuse_distance,32,False,4,512,1,10,20260716,2b17620c82cdc934ff06b8e745d7b39ad31f763666630ec1230aec8f00034802,512,128,128,structural agent-turn replay; Oracle-K is offline diagnosis only; no raw source text and no live latency.,Current,384,0.005208333333333333,0.3203889030303327,102297.0,3993.0,2.0,2.0,8576
20260716_agenttrace_frozen_sketch_reuse_distance_k64_rep1,agenttrace_admission_oracle_v4,trace_derived_simulation,86adc13cec5f5a186ade1082f0fb1da4944533a4,pagarsky/agent-trace: nl2bash_1_7B_20260403T211347Z,https://huggingface.co/datasets/pagarsky/agent-trace,Apache-2.0,250313ae096b0bb8c1986b6f571b68f4ff7617a12026db20214ad84188d12ae5,False,CPU-only; no live vLLM request,frozen,sketch,reuse_distance,64,False,4,512,1,10,20260716,2b17620c82cdc934ff06b8e745d7b39ad31f763666630ec1230aec8f00034802,512,128,128,structural agent-turn replay; Oracle-K is offline diagnosis only; no raw source text and no live latency.,Current,384,0.005208333333333333,0.3209818055811098,102731.0,4427.0,4.0,4.0,10304
20260716_agenttrace_frozen_sketch_reuse_distance_k128_rep1,agenttrace_admission_oracle_v4,trace_derived_simulation,86adc13cec5f5a186ade1082f0fb1da4944533a4,pagarsky/agent-trace: nl2bash_1_7B_20260403T211347Z,https://huggingface.co/datasets/pagarsky/agent-trace,Apache-2.0,250313ae096b0bb8c1986b6f571b68f4ff7617a12026db20214ad84188d12ae5,False,CPU-only; no live vLLM request,frozen,sketch,reuse_distance,128,False,4,512,1,10,20260716,2b17620c82cdc934ff06b8e745d7b39ad31f763666630ec1230aec8f00034802,512,128,128,structural agent-turn replay; Oracle-K is offline diagnosis only; no raw source text and no live latency.,Current,384,0.005208333333333333,0.3209818055811098,102731.0,4427.0,4.0,4.0,10304
20260716_agenttrace_frozen_sketch_oracle_future_value_k2_rep1,agenttrace_admission_oracle_v4,trace_derived_simulation,86adc13cec5f5a186ade1082f0fb1da4944533a4,pagarsky/agent-trace: nl2bash_1_7B_20260403T211347Z,https://huggingface.co/datasets/pagarsky/agent-trace,Apache-2.0,250313ae096b0bb8c1986b6f571b68f4ff7617a12026db20214ad84188d12ae5,False,CPU-only; no live vLLM request,frozen,sketch,oracle_future_value,2,True,4,512,1,10,20260716,2b17620c82cdc934ff06b8e745d7b39ad31f763666630ec1230aec8f00034802,512,128,128,structural agent-turn replay; Oracle-K is offline diagnosis only; no raw source text and no live latency.,UpperBoundOnly,384,0.005208333333333333,0.32105588531343576,102790.0,4486.0,1.0,1.0,896
20260716_agenttrace_frozen_sketch_oracle_future_value_k4_rep1,agenttrace_admission_oracle_v4,trace_derived_simulation,86adc13cec5f5a186ade1082f0fb1da4944533a4,pagarsky/agent-trace: nl2bash_1_7B_20260403T211347Z,https://huggingface.co/datasets/pagarsky/agent-trace,Apache-2.0,250313ae096b0bb8c1986b6f571b68f4ff7617a12026db20214ad84188d12ae5,False,CPU-only; no live vLLM request,frozen,sketch,oracle_future_value,4,True,4,512,1,10,20260716,2b17620c82cdc934ff06b8e745d7b39ad31f763666630ec1230aec8f00034802,512,128,128,structural agent-turn replay; Oracle-K is offline diagnosis only; no raw source text and no live latency.,UpperBoundOnly,384,0.005208333333333333,0.32099147551193047,102609.0,4305.0,1.0,1.0,1408
20260716_agenttrace_frozen_sketch_oracle_future_value_k8_rep1,agenttrace_admission_oracle_v4,trace_derived_simulation,86adc13cec5f5a186ade1082f0fb1da4944533a4,pagarsky/agent-trace: nl2bash_1_7B_20260403T211347Z,https://huggingface.co/datasets/pagarsky/agent-trace,Apache-2.0,250313ae096b0bb8c1986b6f571b68f4ff7617a12026db20214ad84188d12ae5,False,CPU-only; no live vLLM request,frozen,sketch,oracle_future_value,8,True,4,512,1,10,20260716,2b17620c82cdc934ff06b8e745d7b39ad31f763666630ec1230aec8f00034802,512,128,128,structural agent-turn replay; Oracle-K is offline diagnosis only; no raw source text and no live latency.,UpperBoundOnly,384,0.005208333333333333,0.3206922668024801,102645.0,4341.0,1.0,1.0,2432
20260716_agenttrace_frozen_sketch_oracle_future_value_k16_rep1,agenttrace_admission_oracle_v4,trace_derived_simulation,86adc13cec5f5a186ade1082f0fb1da4944533a4,pagarsky/agent-trace: nl2bash_1_7B_20260403T211347Z,https://huggingface.co/datasets/pagarsky/agent-trace,Apache-2.0,250313ae096b0bb8c1986b6f571b68f4ff7617a12026db20214ad84188d12ae5,False,CPU-only; no live vLLM request,frozen,sketch,oracle_future_value,16,True,4,512,1,10,20260716,2b17620c82cdc934ff06b8e745d7b39ad31f763666630ec1230aec8f00034802,512,128,128,structural agent-turn replay; Oracle-K is offline diagnosis only; no raw source text and no live latency.,UpperBoundOnly,384,0.005208333333333333,0.3206285317423718,102464.0,4160.0,2.0,2.0,4480
20260716_agenttrace_frozen_sketch_oracle_future_value_k32_rep1,agenttrace_admission_oracle_v4,trace_derived_simulation,86adc13cec5f5a186ade1082f0fb1da4944533a4,pagarsky/agent-trace: nl2bash_1_7B_20260403T211347Z,https://huggingface.co/datasets/pagarsky/agent-trace,Apache-2.0,250313ae096b0bb8c1986b6f571b68f4ff7617a12026db20214ad84188d12ae5,False,CPU-only; no live vLLM request,frozen,sketch,oracle_future_value,32,True,4,512,1,10,20260716,2b17620c82cdc934ff06b8e745d7b39ad31f763666630ec1230aec8f00034802,512,128,128,structural agent-turn replay; Oracle-K is offline diagnosis only; no raw source text and no live latency.,UpperBoundOnly,384,0.005208333333333333,0.32017007852433244,102086.0,3782.0,2.0,2.0,8576
20260716_agenttrace_frozen_sketch_oracle_future_value_k64_rep1,agenttrace_admission_oracle_v4,trace_derived_simulation,86adc13cec5f5a186ade1082f0fb1da4944533a4,pagarsky/agent-trace: nl2bash_1_7B_20260403T211347Z,https://huggingface.co/datasets/pagarsky/agent-trace,Apache-2.0,250313ae096b0bb8c1986b6f571b68f4ff7617a12026db20214ad84188d12ae5,False,CPU-only; no live vLLM request,frozen,sketch,oracle_future_value,64,True,4,512,1,10,20260716,2b17620c82cdc934ff06b8e745d7b39ad31f763666630ec1230aec8f00034802,512,128,128,structural agent-turn replay; Oracle-K is offline diagnosis only; no raw source text and no live latency.,UpperBoundOnly,384,0.005208333333333333,0.3209818055811098,102731.0,4427.0,4.0,4.0,10304
20260716_agenttrace_frozen_sketch_oracle_future_value_k128_rep1,agenttrace_admission_oracle_v4,trace_derived_simulation,86adc13cec5f5a186ade1082f0fb1da4944533a4,pagarsky/agent-trace: nl2bash_1_7B_20260403T211347Z,https://huggingface.co/datasets/pagarsky/agent-trace,Apache-2.0,250313ae096b0bb8c1986b6f571b68f4ff7617a12026db20214ad84188d12ae5,False,CPU-only; no live vLLM request,frozen,sketch,oracle_future_value,128,True,4,512,1,10,20260716,2b17620c82cdc934ff06b8e745d7b39ad31f763666630ec1230aec8f00034802,512,128,128,structural agent-turn replay; Oracle-K is offline diagnosis only; no raw source text and no live latency.,UpperBoundOnly,384,0.005208333333333333,0.3209818055811098,102731.0,4427.0,4.0,4.0,10304
20260716_agenttrace_closed_loop_load_only_kinf_rep1,agenttrace_admission_oracle_v4,trace_derived_simulation,86adc13cec5f5a186ade1082f0fb1da4944533a4,pagarsky/agent-trace: nl2bash_1_7B_20260403T211347Z,https://huggingface.co/datasets/pagarsky/agent-trace,Apache-2.0,250313ae096b0bb8c1986b6f571b68f4ff7617a12026db20214ad84188d12ae5,False,CPU-only; no live vLLM request,closed_loop,load_only,none,inf,False,4,512,1,10,20260716,2b17620c82cdc934ff06b8e745d7b39ad31f763666630ec1230aec8f00034802,512,128,128,structural agent-turn replay; Oracle-K is offline diagnosis only; no raw source text and no live latency.,Current,384,0.0,0.3469441535261486,140769.0,42465.0,0.0,0.0,384
20260716_agenttrace_closed_loop_exact_kinf_rep1,agenttrace_admission_oracle_v4,trace_derived_simulation,86adc13cec5f5a186ade1082f0fb1da4944533a4,pagarsky/agent-trace: nl2bash_1_7B_20260403T211347Z,https://huggingface.co/datasets/pagarsky/agent-trace,Apache-2.0,250313ae096b0bb8c1986b6f571b68f4ff7617a12026db20214ad84188d12ae5,False,CPU-only; no live vLLM request,closed_loop,exact,exact,inf,False,4,512,1,10,20260716,2b17620c82cdc934ff06b8e745d7b39ad31f763666630ec1230aec8f00034802,512,128,128,structural agent-turn replay; Oracle-K is offline diagnosis only; no raw source text and no live latency.,Current,384,0.13020833333333334,0.3905551614694636,201743.0,103439.0,3.0,3.0,16896
20260716_agenttrace_closed_loop_sketch_lru_k2_rep1,agenttrace_admission_oracle_v4,trace_derived_simulation,86adc13cec5f5a186ade1082f0fb1da4944533a4,pagarsky/agent-trace: nl2bash_1_7B_20260403T211347Z,https://huggingface.co/datasets/pagarsky/agent-trace,Apache-2.0,250313ae096b0bb8c1986b6f571b68f4ff7617a12026db20214ad84188d12ae5,False,CPU-only; no live vLLM request,closed_loop,sketch,lru,2,False,4,512,1,10,20260716,2b17620c82cdc934ff06b8e745d7b39ad31f763666630ec1230aec8f00034802,512,128,128,structural agent-turn replay; Oracle-K is offline diagnosis only; no raw source text and no live latency.,Current,384,0.0078125,0.3578453465876948,155629.0,57325.0,3.0,3.0,768
20260716_agenttrace_closed_loop_sketch_lru_k4_rep1,agenttrace_admission_oracle_v4,trace_derived_simulation,86adc13cec5f5a186ade1082f0fb1da4944533a4,pagarsky/agent-trace: nl2bash_1_7B_20260403T211347Z,https://huggingface.co/datasets/pagarsky/agent-trace,Apache-2.0,250313ae096b0bb8c1986b6f571b68f4ff7617a12026db20214ad84188d12ae5,False,CPU-only; no live vLLM request,closed_loop,sketch,lru,4,False,4,512,1,10,20260716,2b17620c82cdc934ff06b8e745d7b39ad31f763666630ec1230aec8f00034802,512,128,128,structural agent-turn replay; Oracle-K is offline diagnosis only; no raw source text and no live latency.,Current,384,0.010416666666666666,0.35871764069576767,157001.0,58697.0,3.0,3.0,1024
20260716_agenttrace_closed_loop_sketch_lru_k8_rep1,agenttrace_admission_oracle_v4,trace_derived_simulation,86adc13cec5f5a186ade1082f0fb1da4944533a4,pagarsky/agent-trace: nl2bash_1_7B_20260403T211347Z,https://huggingface.co/datasets/pagarsky/agent-trace,Apache-2.0,250313ae096b0bb8c1986b6f571b68f4ff7617a12026db20214ad84188d12ae5,False,CPU-only; no live vLLM request,closed_loop,sketch,lru,8,False,4,512,1,10,20260716,2b17620c82cdc934ff06b8e745d7b39ad31f763666630ec1230aec8f00034802,512,128,128,structural agent-turn replay; Oracle-K is offline diagnosis only; no raw source text and no live latency.,Current,384,0.013020833333333334,0.35871764069576767,157001.0,58697.0,3.0,3.0,1536
20260716_agenttrace_closed_loop_sketch_lru_k16_rep1,agenttrace_admission_oracle_v4,trace_derived_simulation,86adc13cec5f5a186ade1082f0fb1da4944533a4,pagarsky/agent-trace: nl2bash_1_7B_20260403T211347Z,https://huggingface.co/datasets/pagarsky/agent-trace,Apache-2.0,250313ae096b0bb8c1986b6f571b68f4ff7617a12026db20214ad84188d12ae5,False,CPU-only; no live vLLM request,closed_loop,sketch,lru,16,False,4,512,1,10,20260716,2b17620c82cdc934ff06b8e745d7b39ad31f763666630ec1230aec8f00034802,512,128,128,structural agent-turn replay; Oracle-K is offline diagnosis only; no raw source text and no live latency.,Current,384,0.026041666666666668,0.36151616196743075,161339.0,63035.0,3.0,3.0,2560
20260716_agenttrace_closed_loop_sketch_lru_k32_rep1,agenttrace_admission_oracle_v4,trace_derived_simulation,86adc13cec5f5a186ade1082f0fb1da4944533a4,pagarsky/agent-trace: nl2bash_1_7B_20260403T211347Z,https://huggingface.co/datasets/pagarsky/agent-trace,Apache-2.0,250313ae096b0bb8c1986b6f571b68f4ff7617a12026db20214ad84188d12ae5,False,CPU-only; no live vLLM request,closed_loop,sketch,lru,32,False,4,512,1,10,20260716,2b17620c82cdc934ff06b8e745d7b39ad31f763666630ec1230aec8f00034802,512,128,128,structural agent-turn replay; Oracle-K is offline diagnosis only; no raw source text and no live latency.,Current,384,0.0546875,0.3710286986197486,175474.0,77170.0,3.0,3.0,4608
20260716_agenttrace_closed_loop_sketch_lru_k64_rep1,agenttrace_admission_oracle_v4,trace_derived_simulation,86adc13cec5f5a186ade1082f0fb1da4944533a4,pagarsky/agent-trace: nl2bash_1_7B_20260403T211347Z,https://huggingface.co/datasets/pagarsky/agent-trace,Apache-2.0,250313ae096b0bb8c1986b6f571b68f4ff7617a12026db20214ad84188d12ae5,False,CPU-only; no live vLLM request,closed_loop,sketch,lru,64,False,4,512,1,10,20260716,2b17620c82cdc934ff06b8e745d7b39ad31f763666630ec1230aec8f00034802,512,128,128,structural agent-turn replay; Oracle-K is offline diagnosis only; no raw source text and no live latency.,Current,384,0.078125,0.37713553903202085,184652.0,86348.0,3.0,3.0,8704
20260716_agenttrace_closed_loop_sketch_lru_k128_rep1,agenttrace_admission_oracle_v4,trace_derived_simulation,86adc13cec5f5a186ade1082f0fb1da4944533a4,pagarsky/agent-trace: nl2bash_1_7B_20260403T211347Z,https://huggingface.co/datasets/pagarsky/agent-trace,Apache-2.0,250313ae096b0bb8c1986b6f571b68f4ff7617a12026db20214ad84188d12ae5,False,CPU-only; no live vLLM request,closed_loop,sketch,lru,128,False,4,512,1,10,20260716,2b17620c82cdc934ff06b8e745d7b39ad31f763666630ec1230aec8f00034802,512,128,128,structural agent-turn replay; Oracle-K is offline diagnosis only; no raw source text and no live latency.,Current,384,0.13020833333333334,0.3905551614694636,201743.0,103439.0,3.0,3.0,16896
20260716_agenttrace_closed_loop_sketch_lfu_k2_rep1,agenttrace_admission_oracle_v4,trace_derived_simulation,86adc13cec5f5a186ade1082f0fb1da4944533a4,pagarsky/agent-trace: nl2bash_1_7B_20260403T211347Z,https://huggingface.co/datasets/pagarsky/agent-trace,Apache-2.0,250313ae096b0bb8c1986b6f571b68f4ff7617a12026db20214ad84188d12ae5,False,CPU-only; no live vLLM request,closed_loop,sketch,lfu,2,False,4,512,1,10,20260716,2b17620c82cdc934ff06b8e745d7b39ad31f763666630ec1230aec8f00034802,512,128,128,structural agent-turn replay; Oracle-K is offline diagnosis only; no raw source text and no live latency.,Current,384,0.0,0.3578453465876948,155629.0,57325.0,3.0,3.0,768
20260716_agenttrace_closed_loop_sketch_lfu_k4_rep1,agenttrace_admission_oracle_v4,trace_derived_simulation,86adc13cec5f5a186ade1082f0fb1da4944533a4,pagarsky/agent-trace: nl2bash_1_7B_20260403T211347Z,https://huggingface.co/datasets/pagarsky/agent-trace,Apache-2.0,250313ae096b0bb8c1986b6f571b68f4ff7617a12026db20214ad84188d12ae5,False,CPU-only; no live vLLM request,closed_loop,sketch,lfu,4,False,4,512,1,10,20260716,2b17620c82cdc934ff06b8e745d7b39ad31f763666630ec1230aec8f00034802,512,128,128,structural agent-turn replay; Oracle-K is offline diagnosis only; no raw source text and no live latency.,Current,384,0.0,0.3578453465876948,155629.0,57325.0,3.0,3.0,1024
20260716_agenttrace_closed_loop_sketch_lfu_k8_rep1,agenttrace_admission_oracle_v4,trace_derived_simulation,86adc13cec5f5a186ade1082f0fb1da4944533a4,pagarsky/agent-trace: nl2bash_1_7B_20260403T211347Z,https://huggingface.co/datasets/pagarsky/agent-trace,Apache-2.0,250313ae096b0bb8c1986b6f571b68f4ff7617a12026db20214ad84188d12ae5,False,CPU-only; no live vLLM request,closed_loop,sketch,lfu,8,False,4,512,1,10,20260716,2b17620c82cdc934ff06b8e745d7b39ad31f763666630ec1230aec8f00034802,512,128,128,structural agent-turn replay; Oracle-K is offline diagnosis only; no raw source text and no live latency.,Current,384,0.005208333333333333,0.35894016470292917,157351.0,59047.0,3.0,3.0,1536
20260716_agenttrace_closed_loop_sketch_lfu_k16_rep1,agenttrace_admission_oracle_v4,trace_derived_simulation,86adc13cec5f5a186ade1082f0fb1da4944533a4,pagarsky/agent-trace: nl2bash_1_7B_20260403T211347Z,https://huggingface.co/datasets/pagarsky/agent-trace,Apache-2.0,250313ae096b0bb8c1986b6f571b68f4ff7617a12026db20214ad84188d12ae5,False,CPU-only; no live vLLM request,closed_loop,sketch,lfu,16,False,4,512,1,10,20260716,2b17620c82cdc934ff06b8e745d7b39ad31f763666630ec1230aec8f00034802,512,128,128,structural agent-turn replay; Oracle-K is offline diagnosis only; no raw source text and no live latency.,Current,384,0.0078125,0.3584862157283198,156637.0,58333.0,3.0,3.0,2560
20260716_agenttrace_closed_loop_sketch_lfu_k32_rep1,agenttrace_admission_oracle_v4,trace_derived_simulation,86adc13cec5f5a186ade1082f0fb1da4944533a4,pagarsky/agent-trace: nl2bash_1_7B_20260403T211347Z,https://huggingface.co/datasets/pagarsky/agent-trace,Apache-2.0,250313ae096b0bb8c1986b6f571b68f4ff7617a12026db20214ad84188d12ae5,False,CPU-only; no live vLLM request,closed_loop,sketch,lfu,32,False,4,512,1,10,20260716,2b17620c82cdc934ff06b8e745d7b39ad31f763666630ec1230aec8f00034802,512,128,128,structural agent-turn replay; Oracle-K is offline diagnosis only; no raw source text and no live latency.,Current,384,0.020833333333333332,0.3549493599556326,151157.0,52853.0,3.0,3.0,4608
20260716_agenttrace_closed_loop_sketch_lfu_k64_rep1,agenttrace_admission_oracle_v4,trace_derived_simulation,86adc13cec5f5a186ade1082f0fb1da4944533a4,pagarsky/agent-trace: nl2bash_1_7B_20260403T211347Z,https://huggingface.co/datasets/pagarsky/agent-trace,Apache-2.0,250313ae096b0bb8c1986b6f571b68f4ff7617a12026db20214ad84188d12ae5,False,CPU-only; no live vLLM request,closed_loop,sketch,lfu,64,False,4,512,1,10,20260716,2b17620c82cdc934ff06b8e745d7b39ad31f763666630ec1230aec8f00034802,512,128,128,structural agent-turn replay; Oracle-K is offline diagnosis only; no raw source text and no live latency.,Current,384,0.044270833333333336,0.35945458431717253,157577.0,59273.0,3.0,3.0,8704
20260716_agenttrace_closed_loop_sketch_lfu_k128_rep1,agenttrace_admission_oracle_v4,trace_derived_simulation,86adc13cec5f5a186ade1082f0fb1da4944533a4,pagarsky/agent-trace: nl2bash_1_7B_20260403T211347Z,https://huggingface.co/datasets/pagarsky/agent-trace,Apache-2.0,250313ae096b0bb8c1986b6f571b68f4ff7617a12026db20214ad84188d12ae5,False,CPU-only; no live vLLM request,closed_loop,sketch,lfu,128,False,4,512,1,10,20260716,2b17620c82cdc934ff06b8e745d7b39ad31f763666630ec1230aec8f00034802,512,128,128,structural agent-turn replay; Oracle-K is offline diagnosis only; no raw source text and no live latency.,Current,384,0.13020833333333334,0.3905551614694636,201743.0,103439.0,3.0,3.0,16896
20260716_agenttrace_closed_loop_sketch_coverage_first_k2_rep1,agenttrace_admission_oracle_v4,trace_derived_simulation,86adc13cec5f5a186ade1082f0fb1da4944533a4,pagarsky/agent-trace: nl2bash_1_7B_20260403T211347Z,https://huggingface.co/datasets/pagarsky/agent-trace,Apache-2.0,250313ae096b0bb8c1986b6f571b68f4ff7617a12026db20214ad84188d12ae5,False,CPU-only; no live vLLM request,closed_loop,sketch,coverage_first,2,False,4,512,1,10,20260716,2b17620c82cdc934ff06b8e745d7b39ad31f763666630ec1230aec8f00034802,512,128,128,structural agent-turn replay; Oracle-K is offline diagnosis only; no raw source text and no live latency.,Current,384,0.013020833333333334,0.36216593206834224,162361.0,64057.0,1.0,1.0,768
20260716_agenttrace_closed_loop_sketch_coverage_first_k4_rep1,agenttrace_admission_oracle_v4,trace_derived_simulation,86adc13cec5f5a186ade1082f0fb1da4944533a4,pagarsky/agent-trace: nl2bash_1_7B_20260403T211347Z,https://huggingface.co/datasets/pagarsky/agent-trace,Apache-2.0,250313ae096b0bb8c1986b6f571b68f4ff7617a12026db20214ad84188d12ae5,False,CPU-only; no live vLLM request,closed_loop,sketch,coverage_first,4,False,4,512,1,10,20260716,2b17620c82cdc934ff06b8e745d7b39ad31f763666630ec1230aec8f00034802,512,128,128,structural agent-turn replay; Oracle-K is offline diagnosis only; no raw source text and no live latency.,Current,384,0.020833333333333332,0.3670207978338349,170022.0,71718.0,1.0,1.0,1024
20260716_agenttrace_closed_loop_sketch_coverage_first_k8_rep1,agenttrace_admission_oracle_v4,trace_derived_simulation,86adc13cec5f5a186ade1082f0fb1da4944533a4,pagarsky/agent-trace: nl2bash_1_7B_20260403T211347Z,https://huggingface.co/datasets/pagarsky/agent-trace,Apache-2.0,250313ae096b0bb8c1986b6f571b68f4ff7617a12026db20214ad84188d12ae5,False,CPU-only; no live vLLM request,closed_loop,sketch,coverage_first,8,False,4,512,1,10,20260716,2b17620c82cdc934ff06b8e745d7b39ad31f763666630ec1230aec8f00034802,512,128,128,structural agent-turn replay; Oracle-K is offline diagnosis only; no raw source text and no live latency.,Current,384,0.0390625,0.37204294086168993,176826.0,78522.0,1.0,1.0,1536
20260716_agenttrace_closed_loop_sketch_coverage_first_k16_rep1,agenttrace_admission_oracle_v4,trace_derived_simulation,86adc13cec5f5a186ade1082f0fb1da4944533a4,pagarsky/agent-trace: nl2bash_1_7B_20260403T211347Z,https://huggingface.co/datasets/pagarsky/agent-trace,Apache-2.0,250313ae096b0bb8c1986b6f571b68f4ff7617a12026db20214ad84188d12ae5,False,CPU-only; no live vLLM request,closed_loop,sketch,coverage_first,16,False,4,512,1,10,20260716,2b17620c82cdc934ff06b8e745d7b39ad31f763666630ec1230aec8f00034802,512,128,128,structural agent-turn replay; Oracle-K is offline diagnosis only; no raw source text and no live latency.,Current,384,0.07291666666666667,0.37764028444759273,185135.0,86831.0,2.0,2.0,2560
20260716_agenttrace_closed_loop_sketch_coverage_first_k32_rep1,agenttrace_admission_oracle_v4,trace_derived_simulation,86adc13cec5f5a186ade1082f0fb1da4944533a4,pagarsky/agent-trace: nl2bash_1_7B_20260403T211347Z,https://huggingface.co/datasets/pagarsky/agent-trace,Apache-2.0,250313ae096b0bb8c1986b6f571b68f4ff7617a12026db20214ad84188d12ae5,False,CPU-only; no live vLLM request,closed_loop,sketch,coverage_first,32,False,4,512,1,10,20260716,2b17620c82cdc934ff06b8e745d7b39ad31f763666630ec1230aec8f00034802,512,128,128,structural agent-turn replay; Oracle-K is offline diagnosis only; no raw source text and no live latency.,Current,384,0.11197916666666667,0.38756434520718575,197752.0,99448.0,2.0,2.0,4608
20260716_agenttrace_closed_loop_sketch_coverage_first_k64_rep1,agenttrace_admission_oracle_v4,trace_derived_simulation,86adc13cec5f5a186ade1082f0fb1da4944533a4,pagarsky/agent-trace: nl2bash_1_7B_20260403T211347Z,https://huggingface.co/datasets/pagarsky/agent-trace,Apache-2.0,250313ae096b0bb8c1986b6f571b68f4ff7617a12026db20214ad84188d12ae5,False,CPU-only; no live vLLM request,closed_loop,sketch,coverage_first,64,False,4,512,1,10,20260716,2b17620c82cdc934ff06b8e745d7b39ad31f763666630ec1230aec8f00034802,512,128,128,structural agent-turn replay; Oracle-K is offline diagnosis only; no raw source text and no live latency.,Current,384,0.13020833333333334,0.3905551614694636,201743.0,103439.0,2.0,2.0,8704
20260716_agenttrace_closed_loop_sketch_coverage_first_k128_rep1,agenttrace_admission_oracle_v4,trace_derived_simulation,86adc13cec5f5a186ade1082f0fb1da4944533a4,pagarsky/agent-trace: nl2bash_1_7B_20260403T211347Z,https://huggingface.co/datasets/pagarsky/agent-trace,Apache-2.0,250313ae096b0bb8c1986b6f571b68f4ff7617a12026db20214ad84188d12ae5,False,CPU-only; no live vLLM request,closed_loop,sketch,coverage_first,128,False,4,512,1,10,20260716,2b17620c82cdc934ff06b8e745d7b39ad31f763666630ec1230aec8f00034802,512,128,128,structural agent-turn replay; Oracle-K is offline diagnosis only; no raw source text and no live latency.,Current,384,0.13020833333333334,0.3905551614694636,201743.0,103439.0,3.0,3.0,16896
20260716_agenttrace_closed_loop_sketch_saved_prefill_first_k2_rep1,agenttrace_admission_oracle_v4,trace_derived_simulation,86adc13cec5f5a186ade1082f0fb1da4944533a4,pagarsky/agent-trace: nl2bash_1_7B_20260403T211347Z,https://huggingface.co/datasets/pagarsky/agent-trace,Apache-2.0,250313ae096b0bb8c1986b6f571b68f4ff7617a12026db20214ad84188d12ae5,False,CPU-only; no live vLLM request,closed_loop,sketch,saved_prefill_first,2,False,4,512,1,10,20260716,2b17620c82cdc934ff06b8e745d7b39ad31f763666630ec1230aec8f00034802,512,128,128,structural agent-turn replay; Oracle-K is offline diagnosis only; no raw source text and no live latency.,Current,384,0.010416666666666666,0.3594040956234545,158100.0,59796.0,3.0,3.0,768
20260716_agenttrace_closed_loop_sketch_saved_prefill_first_k4_rep1,agenttrace_admission_oracle_v4,trace_derived_simulation,86adc13cec5f5a186ade1082f0fb1da4944533a4,pagarsky/agent-trace: nl2bash_1_7B_20260403T211347Z,https://huggingface.co/datasets/pagarsky/agent-trace,Apache-2.0,250313ae096b0bb8c1986b6f571b68f4ff7617a12026db20214ad84188d12ae5,False,CPU-only; no live vLLM request,closed_loop,sketch,saved_prefill_first,4,False,4,512,1,10,20260716,2b17620c82cdc934ff06b8e745d7b39ad31f763666630ec1230aec8f00034802,512,128,128,structural agent-turn replay; Oracle-K is offline diagnosis only; no raw source text and no live latency.,Current,384,0.020833333333333332,0.359823719022652,158850.0,60546.0,3.0,3.0,1024
20260716_agenttrace_closed_loop_sketch_saved_prefill_first_k8_rep1,agenttrace_admission_oracle_v4,trace_derived_simulation,86adc13cec5f5a186ade1082f0fb1da4944533a4,pagarsky/agent-trace: nl2bash_1_7B_20260403T211347Z,https://huggingface.co/datasets/pagarsky/agent-trace,Apache-2.0,250313ae096b0bb8c1986b6f571b68f4ff7617a12026db20214ad84188d12ae5,False,CPU-only; no live vLLM request,closed_loop,sketch,saved_prefill_first,8,False,4,512,1,10,20260716,2b17620c82cdc934ff06b8e745d7b39ad31f763666630ec1230aec8f00034802,512,128,128,structural agent-turn replay; Oracle-K is offline diagnosis only; no raw source text and no live latency.,Current,384,0.026041666666666668,0.3588846677124306,157373.0,59069.0,3.0,3.0,1536
20260716_agenttrace_closed_loop_sketch_saved_prefill_first_k16_rep1,agenttrace_admission_oracle_v4,trace_derived_simulation,86adc13cec5f5a186ade1082f0fb1da4944533a4,pagarsky/agent-trace: nl2bash_1_7B_20260403T211347Z,https://huggingface.co/datasets/pagarsky/agent-trace,Apache-2.0,250313ae096b0bb8c1986b6f571b68f4ff7617a12026db20214ad84188d12ae5,False,CPU-only; no live vLLM request,closed_loop,sketch,saved_prefill_first,16,False,4,512,1,10,20260716,2b17620c82cdc934ff06b8e745d7b39ad31f763666630ec1230aec8f00034802,512,128,128,structural agent-turn replay; Oracle-K is offline diagnosis only; no raw source text and no live latency.,Current,384,0.028645833333333332,0.3591370735148395,157770.0,59466.0,3.0,3.0,2560
20260716_agenttrace_closed_loop_sketch_saved_prefill_first_k32_rep1,agenttrace_admission_oracle_v4,trace_derived_simulation,86adc13cec5f5a186ade1082f0fb1da4944533a4,pagarsky/agent-trace: nl2bash_1_7B_20260403T211347Z,https://huggingface.co/datasets/pagarsky/agent-trace,Apache-2.0,250313ae096b0bb8c1986b6f571b68f4ff7617a12026db20214ad84188d12ae5,False,CPU-only; no live vLLM request,closed_loop,sketch,saved_prefill_first,32,False,4,512,1,10,20260716,2b17620c82cdc934ff06b8e745d7b39ad31f763666630ec1230aec8f00034802,512,128,128,structural agent-turn replay; Oracle-K is offline diagnosis only; no raw source text and no live latency.,Current,384,0.033854166666666664,0.3596120033244098,158517.0,60213.0,3.0,3.0,4608
20260716_agenttrace_closed_loop_sketch_saved_prefill_first_k64_rep1,agenttrace_admission_oracle_v4,trace_derived_simulation,86adc13cec5f5a186ade1082f0fb1da4944533a4,pagarsky/agent-trace: nl2bash_1_7B_20260403T211347Z,https://huggingface.co/datasets/pagarsky/agent-trace,Apache-2.0,250313ae096b0bb8c1986b6f571b68f4ff7617a12026db20214ad84188d12ae5,False,CPU-only; no live vLLM request,closed_loop,sketch,saved_prefill_first,64,False,4,512,1,10,20260716,2b17620c82cdc934ff06b8e745d7b39ad31f763666630ec1230aec8f00034802,512,128,128,structural agent-turn replay; Oracle-K is offline diagnosis only; no raw source text and no live latency.,Current,384,0.08854166666666667,0.3797059894331243,187876.0,89572.0,3.0,3.0,8704
20260716_agenttrace_closed_loop_sketch_saved_prefill_first_k128_rep1,agenttrace_admission_oracle_v4,trace_derived_simulation,86adc13cec5f5a186ade1082f0fb1da4944533a4,pagarsky/agent-trace: nl2bash_1_7B_20260403T211347Z,https://huggingface.co/datasets/pagarsky/agent-trace,Apache-2.0,250313ae096b0bb8c1986b6f571b68f4ff7617a12026db20214ad84188d12ae5,False,CPU-only; no live vLLM request,closed_loop,sketch,saved_prefill_first,128,False,4,512,1,10,20260716,2b17620c82cdc934ff06b8e745d7b39ad31f763666630ec1230aec8f00034802,512,128,128,structural agent-turn replay; Oracle-K is offline diagnosis only; no raw source text and no live latency.,Current,384,0.13020833333333334,0.3905551614694636,201743.0,103439.0,3.0,3.0,16896
20260716_agenttrace_closed_loop_sketch_reuse_distance_k2_rep1,agenttrace_admission_oracle_v4,trace_derived_simulation,86adc13cec5f5a186ade1082f0fb1da4944533a4,pagarsky/agent-trace: nl2bash_1_7B_20260403T211347Z,https://huggingface.co/datasets/pagarsky/agent-trace,Apache-2.0,250313ae096b0bb8c1986b6f571b68f4ff7617a12026db20214ad84188d12ae5,False,CPU-only; no live vLLM request,closed_loop,sketch,reuse_distance,2,False,4,512,1,10,20260716,2b17620c82cdc934ff06b8e745d7b39ad31f763666630ec1230aec8f00034802,512,128,128,structural agent-turn replay; Oracle-K is offline diagnosis only; no raw source text and no live latency.,Current,384,0.015625,0.3587575111369098,157173.0,58869.0,1.0,1.0,768
20260716_agenttrace_closed_loop_sketch_reuse_distance_k4_rep1,agenttrace_admission_oracle_v4,trace_derived_simulation,86adc13cec5f5a186ade1082f0fb1da4944533a4,pagarsky/agent-trace: nl2bash_1_7B_20260403T211347Z,https://huggingface.co/datasets/pagarsky/agent-trace,Apache-2.0,250313ae096b0bb8c1986b6f571b68f4ff7617a12026db20214ad84188d12ae5,False,CPU-only; no live vLLM request,closed_loop,sketch,reuse_distance,4,False,4,512,1,10,20260716,2b17620c82cdc934ff06b8e745d7b39ad31f763666630ec1230aec8f00034802,512,128,128,structural agent-turn replay; Oracle-K is offline diagnosis only; no raw source text and no live latency.,Current,384,0.020833333333333332,0.36047921116946186,159881.0,61577.0,1.0,1.0,1024
20260716_agenttrace_closed_loop_sketch_reuse_distance_k8_rep1,agenttrace_admission_oracle_v4,trace_derived_simulation,86adc13cec5f5a186ade1082f0fb1da4944533a4,pagarsky/agent-trace: nl2bash_1_7B_20260403T211347Z,https://huggingface.co/datasets/pagarsky/agent-trace,Apache-2.0,250313ae096b0bb8c1986b6f571b68f4ff7617a12026db20214ad84188d12ae5,False,CPU-only; no live vLLM request,closed_loop,sketch,reuse_distance,8,False,4,512,1,10,20260716,2b17620c82cdc934ff06b8e745d7b39ad31f763666630ec1230aec8f00034802,512,128,128,structural agent-turn replay; Oracle-K is offline diagnosis only; no raw source text and no live latency.,Current,384,0.026041666666666668,0.3591370735148395,157770.0,59466.0,2.0,2.0,1536
20260716_agenttrace_closed_loop_sketch_reuse_distance_k16_rep1,agenttrace_admission_oracle_v4,trace_derived_simulation,86adc13cec5f5a186ade1082f0fb1da4944533a4,pagarsky/agent-trace: nl2bash_1_7B_20260403T211347Z,https://huggingface.co/datasets/pagarsky/agent-trace,Apache-2.0,250313ae096b0bb8c1986b6f571b68f4ff7617a12026db20214ad84188d12ae5,False,CPU-only; no live vLLM request,closed_loop,sketch,reuse_distance,16,False,4,512,1,10,20260716,2b17620c82cdc934ff06b8e745d7b39ad31f763666630ec1230aec8f00034802,512,128,128,structural agent-turn replay; Oracle-K is offline diagnosis only; no raw source text and no live latency.,Current,384,0.03125,0.3596120033244098,158517.0,60213.0,3.0,3.0,2560
20260716_agenttrace_closed_loop_sketch_reuse_distance_k32_rep1,agenttrace_admission_oracle_v4,trace_derived_simulation,86adc13cec5f5a186ade1082f0fb1da4944533a4,pagarsky/agent-trace: nl2bash_1_7B_20260403T211347Z,https://huggingface.co/datasets/pagarsky/agent-trace,Apache-2.0,250313ae096b0bb8c1986b6f571b68f4ff7617a12026db20214ad84188d12ae5,False,CPU-only; no live vLLM request,closed_loop,sketch,reuse_distance,32,False,4,512,1,10,20260716,2b17620c82cdc934ff06b8e745d7b39ad31f763666630ec1230aec8f00034802,512,128,128,structural agent-turn replay; Oracle-K is offline diagnosis only; no raw source text and no live latency.,Current,384,0.033854166666666664,0.3596120033244098,158517.0,60213.0,3.0,3.0,4608
20260716_agenttrace_closed_loop_sketch_reuse_distance_k64_rep1,agenttrace_admission_oracle_v4,trace_derived_simulation,86adc13cec5f5a186ade1082f0fb1da4944533a4,pagarsky/agent-trace: nl2bash_1_7B_20260403T211347Z,https://huggingface.co/datasets/pagarsky/agent-trace,Apache-2.0,250313ae096b0bb8c1986b6f571b68f4ff7617a12026db20214ad84188d12ae5,False,CPU-only; no live vLLM request,closed_loop,sketch,reuse_distance,64,False,4,512,1,10,20260716,2b17620c82cdc934ff06b8e745d7b39ad31f763666630ec1230aec8f00034802,512,128,128,structural agent-turn replay; Oracle-K is offline diagnosis only; no raw source text and no live latency.,Current,384,0.08854166666666667,0.3797059894331243,187876.0,89572.0,3.0,3.0,8704
20260716_agenttrace_closed_loop_sketch_reuse_distance_k128_rep1,agenttrace_admission_oracle_v4,trace_derived_simulation,86adc13cec5f5a186ade1082f0fb1da4944533a4,pagarsky/agent-trace: nl2bash_1_7B_20260403T211347Z,https://huggingface.co/datasets/pagarsky/agent-trace,Apache-2.0,250313ae096b0bb8c1986b6f571b68f4ff7617a12026db20214ad84188d12ae5,False,CPU-only; no live vLLM request,closed_loop,sketch,reuse_distance,128,False,4,512,1,10,20260716,2b17620c82cdc934ff06b8e745d7b39ad31f763666630ec1230aec8f00034802,512,128,128,structural agent-turn replay; Oracle-K is offline diagnosis only; no raw source text and no live latency.,Current,384,0.13020833333333334,0.3905551614694636,201743.0,103439.0,3.0,3.0,16896
20260716_agenttrace_closed_loop_sketch_oracle_future_value_k2_rep1,agenttrace_admission_oracle_v4,trace_derived_simulation,86adc13cec5f5a186ade1082f0fb1da4944533a4,pagarsky/agent-trace: nl2bash_1_7B_20260403T211347Z,https://huggingface.co/datasets/pagarsky/agent-trace,Apache-2.0,250313ae096b0bb8c1986b6f571b68f4ff7617a12026db20214ad84188d12ae5,False,CPU-only; no live vLLM request,closed_loop,sketch,oracle_future_value,2,True,4,512,1,10,20260716,2b17620c82cdc934ff06b8e745d7b39ad31f763666630ec1230aec8f00034802,512,128,128,structural agent-turn replay; Oracle-K is offline diagnosis only; no raw source text and no live latency.,UpperBoundOnly,384,0.049479166666666664,0.3681738618202844,170494.0,72190.0,1.0,1.0,768
20260716_agenttrace_closed_loop_sketch_oracle_future_value_k4_rep1,agenttrace_admission_oracle_v4,trace_derived_simulation,86adc13cec5f5a186ade1082f0fb1da4944533a4,pagarsky/agent-trace: nl2bash_1_7B_20260403T211347Z,https://huggingface.co/datasets/pagarsky/agent-trace,Apache-2.0,250313ae096b0bb8c1986b6f571b68f4ff7617a12026db20214ad84188d12ae5,False,CPU-only; no live vLLM request,closed_loop,sketch,oracle_future_value,4,True,4,512,1,10,20260716,2b17620c82cdc934ff06b8e745d7b39ad31f763666630ec1230aec8f00034802,512,128,128,structural agent-turn replay; Oracle-K is offline diagnosis only; no raw source text and no live latency.,UpperBoundOnly,384,0.07291666666666667,0.3771458478715979,184564.0,86260.0,2.0,2.0,1024
20260716_agenttrace_closed_loop_sketch_oracle_future_value_k8_rep1,agenttrace_admission_oracle_v4,trace_derived_simulation,86adc13cec5f5a186ade1082f0fb1da4944533a4,pagarsky/agent-trace: nl2bash_1_7B_20260403T211347Z,https://huggingface.co/datasets/pagarsky/agent-trace,Apache-2.0,250313ae096b0bb8c1986b6f571b68f4ff7617a12026db20214ad84188d12ae5,False,CPU-only; no live vLLM request,closed_loop,sketch,oracle_future_value,8,True,4,512,1,10,20260716,2b17620c82cdc934ff06b8e745d7b39ad31f763666630ec1230aec8f00034802,512,128,128,structural agent-turn replay; Oracle-K is offline diagnosis only; no raw source text and no live latency.,UpperBoundOnly,384,0.1015625,0.38414693889161444,193942.0,95638.0,2.0,2.0,1536
20260716_agenttrace_closed_loop_sketch_oracle_future_value_k16_rep1,agenttrace_admission_oracle_v4,trace_derived_simulation,86adc13cec5f5a186ade1082f0fb1da4944533a4,pagarsky/agent-trace: nl2bash_1_7B_20260403T211347Z,https://huggingface.co/datasets/pagarsky/agent-trace,Apache-2.0,250313ae096b0bb8c1986b6f571b68f4ff7617a12026db20214ad84188d12ae5,False,CPU-only; no live vLLM request,closed_loop,sketch,oracle_future_value,16,True,4,512,1,10,20260716,2b17620c82cdc934ff06b8e745d7b39ad31f763666630ec1230aec8f00034802,512,128,128,structural agent-turn replay; Oracle-K is offline diagnosis only; no raw source text and no live latency.,UpperBoundOnly,384,0.13020833333333334,0.3905551614694636,201743.0,103439.0,2.0,2.0,2560
20260716_agenttrace_closed_loop_sketch_oracle_future_value_k32_rep1,agenttrace_admission_oracle_v4,trace_derived_simulation,86adc13cec5f5a186ade1082f0fb1da4944533a4,pagarsky/agent-trace: nl2bash_1_7B_20260403T211347Z,https://huggingface.co/datasets/pagarsky/agent-trace,Apache-2.0,250313ae096b0bb8c1986b6f571b68f4ff7617a12026db20214ad84188d12ae5,False,CPU-only; no live vLLM request,closed_loop,sketch,oracle_future_value,32,True,4,512,1,10,20260716,2b17620c82cdc934ff06b8e745d7b39ad31f763666630ec1230aec8f00034802,512,128,128,structural agent-turn replay; Oracle-K is offline diagnosis only; no raw source text and no live latency.,UpperBoundOnly,384,0.13020833333333334,0.3905551614694636,201743.0,103439.0,2.0,2.0,4608
20260716_agenttrace_closed_loop_sketch_oracle_future_value_k64_rep1,agenttrace_admission_oracle_v4,trace_derived_simulation,86adc13cec5f5a186ade1082f0fb1da4944533a4,pagarsky/agent-trace: nl2bash_1_7B_20260403T211347Z,https://huggingface.co/datasets/pagarsky/agent-trace,Apache-2.0,250313ae096b0bb8c1986b6f571b68f4ff7617a12026db20214ad84188d12ae5,False,CPU-only; no live vLLM request,closed_loop,sketch,oracle_future_value,64,True,4,512,1,10,20260716,2b17620c82cdc934ff06b8e745d7b39ad31f763666630ec1230aec8f00034802,512,128,128,structural agent-turn replay; Oracle-K is offline diagnosis only; no raw source text and no live latency.,UpperBoundOnly,384,0.13020833333333334,0.3905551614694636,201743.0,103439.0,3.0,3.0,8704
20260716_agenttrace_closed_loop_sketch_oracle_future_value_k128_rep1,agenttrace_admission_oracle_v4,trace_derived_simulation,86adc13cec5f5a186ade1082f0fb1da4944533a4,pagarsky/agent-trace: nl2bash_1_7B_20260403T211347Z,https://huggingface.co/datasets/pagarsky/agent-trace,Apache-2.0,250313ae096b0bb8c1986b6f571b68f4ff7617a12026db20214ad84188d12ae5,False,CPU-only; no live vLLM request,closed_loop,sketch,oracle_future_value,128,True,4,512,1,10,20260716,2b17620c82cdc934ff06b8e745d7b39ad31f763666630ec1230aec8f00034802,512,128,128,structural agent-turn replay; Oracle-K is offline diagnosis only; no raw source text and no live latency.,UpperBoundOnly,384,0.13020833333333334,0.3905551614694636,201743.0,103439.0,3.0,3.0,16896
20260716_agenttrace_frozen_load_only_kinf_rep2,agenttrace_admission_oracle_v4,trace_derived_simulation,86adc13cec5f5a186ade1082f0fb1da4944533a4,pagarsky/agent-trace: nl2bash_1_7B_20260403T211347Z,https://huggingface.co/datasets/pagarsky/agent-trace,Apache-2.0,250313ae096b0bb8c1986b6f571b68f4ff7617a12026db20214ad84188d12ae5,False,CPU-only; no live vLLM request,frozen,load_only,none,inf,False,4,512,2,10,20260716,b9766e5b953fd351056d6002d64b72ad0952ccfd6b9f4edf0912b81f8cd5fb54,512,128,128,structural agent-turn replay; Oracle-K is offline diagnosis only; no raw source text and no live latency.,Current,384,0.0,0.31155248371054844,101127.0,2823.0,0.0,0.0,384
20260716_agenttrace_frozen_exact_kinf_rep2,agenttrace_admission_oracle_v4,trace_derived_simulation,86adc13cec5f5a186ade1082f0fb1da4944533a4,pagarsky/agent-trace: nl2bash_1_7B_20260403T211347Z,https://huggingface.co/datasets/pagarsky/agent-trace,Apache-2.0,250313ae096b0bb8c1986b6f571b68f4ff7617a12026db20214ad84188d12ae5,False,CPU-only; no live vLLM request,frozen,exact,exact,inf,False,4,512,2,10,20260716,b9766e5b953fd351056d6002d64b72ad0952ccfd6b9f4edf0912b81f8cd5fb54,512,128,128,structural agent-turn replay; Oracle-K is offline diagnosis only; no raw source text and no live latency.,Current,384,1.0,0.32489108259552946,114101.0,15797.0,4.0,4.0,9856
20260716_agenttrace_frozen_sketch_lru_k2_rep2,agenttrace_admission_oracle_v4,trace_derived_simulation,86adc13cec5f5a186ade1082f0fb1da4944533a4,pagarsky/agent-trace: nl2bash_1_7B_20260403T211347Z,https://huggingface.co/datasets/pagarsky/agent-trace,Apache-2.0,250313ae096b0bb8c1986b6f571b68f4ff7617a12026db20214ad84188d12ae5,False,CPU-only; no live vLLM request,frozen,sketch,lru,2,False,4,512,2,10,20260716,b9766e5b953fd351056d6002d64b72ad0952ccfd6b9f4edf0912b81f8cd5fb54,512,128,128,structural agent-turn replay; Oracle-K is offline diagnosis only; no raw source text and no live latency.,Current,384,0.0,0.31093134446087806,100225.0,1921.0,0.0,0.0,896
20260716_agenttrace_frozen_sketch_lru_k4_rep2,agenttrace_admission_oracle_v4,trace_derived_simulation,86adc13cec5f5a186ade1082f0fb1da4944533a4,pagarsky/agent-trace: nl2bash_1_7B_20260403T211347Z,https://huggingface.co/datasets/pagarsky/agent-trace,Apache-2.0,250313ae096b0bb8c1986b6f571b68f4ff7617a12026db20214ad84188d12ae5,False,CPU-only; no live vLLM request,frozen,sketch,lru,4,False,4,512,2,10,20260716,b9766e5b953fd351056d6002d64b72ad0952ccfd6b9f4edf0912b81f8cd5fb54,512,128,128,structural agent-turn replay; Oracle-K is offline diagnosis only; no raw source text and no live latency.,Current,384,0.0,0.3128406095274122,103041.0,4737.0,1.0,1.0,1408
20260716_agenttrace_frozen_sketch_lru_k8_rep2,agenttrace_admission_oracle_v4,trace_derived_simulation,86adc13cec5f5a186ade1082f0fb1da4944533a4,pagarsky/agent-trace: nl2bash_1_7B_20260403T211347Z,https://huggingface.co/datasets/pagarsky/agent-trace,Apache-2.0,250313ae096b0bb8c1986b6f571b68f4ff7617a12026db20214ad84188d12ae5,False,CPU-only; no live vLLM request,frozen,sketch,lru,8,False,4,512,2,10,20260716,b9766e5b953fd351056d6002d64b72ad0952ccfd6b9f4edf0912b81f8cd5fb54,512,128,128,structural agent-turn replay; Oracle-K is offline diagnosis only; no raw source text and no live latency.,Current,384,0.0,0.314115939429161,105328.0,7024.0,1.0,1.0,2432
20260716_agenttrace_frozen_sketch_lru_k16_rep2,agenttrace_admission_oracle_v4,trace_derived_simulation,86adc13cec5f5a186ade1082f0fb1da4944533a4,pagarsky/agent-trace: nl2bash_1_7B_20260403T211347Z,https://huggingface.co/datasets/pagarsky/agent-trace,Apache-2.0,250313ae096b0bb8c1986b6f571b68f4ff7617a12026db20214ad84188d12ae5,False,CPU-only; no live vLLM request,frozen,sketch,lru,16,False,4,512,2,10,20260716,b9766e5b953fd351056d6002d64b72ad0952ccfd6b9f4edf0912b81f8cd5fb54,512,128,128,structural agent-turn replay; Oracle-K is offline diagnosis only; no raw source text and no live latency.,Current,384,0.0078125,0.3157967664930045,107830.0,9526.0,1.0,1.0,4480
20260716_agenttrace_frozen_sketch_lru_k32_rep2,agenttrace_admission_oracle_v4,trace_derived_simulation,86adc13cec5f5a186ade1082f0fb1da4944533a4,pagarsky/agent-trace: nl2bash_1_7B_20260403T211347Z,https://huggingface.co/datasets/pagarsky/agent-trace,Apache-2.0,250313ae096b0bb8c1986b6f571b68f4ff7617a12026db20214ad84188d12ae5,False,CPU-only; no live vLLM request,frozen,sketch,lru,32,False,4,512,2,10,20260716,b9766e5b953fd351056d6002d64b72ad0952ccfd6b9f4edf0912b81f8cd5fb54,512,128,128,structural agent-turn replay; Oracle-K is offline diagnosis only; no raw source text and no live latency.,Current,384,0.0078125,0.31668270281058625,108196.0,9892.0,2.0,2.0,8576
20260716_agenttrace_frozen_sketch_lru_k64_rep2,agenttrace_admission_oracle_v4,trace_derived_simulation,86adc13cec5f5a186ade1082f0fb1da4944533a4,pagarsky/agent-trace: nl2bash_1_7B_20260403T211347Z,https://huggingface.co/datasets/pagarsky/agent-trace,Apache-2.0,250313ae096b0bb8c1986b6f571b68f4ff7617a12026db20214ad84188d12ae5,False,CPU-only; no live vLLM request,frozen,sketch,lru,64,False,4,512,2,10,20260716,b9766e5b953fd351056d6002d64b72ad0952ccfd6b9f4edf0912b81f8cd5fb54,512,128,128,structural agent-turn replay; Oracle-K is offline diagnosis only; no raw source text and no live latency.,Current,384,0.0078125,0.31668270281058625,108196.0,9892.0,4.0,4.0,9856
20260716_agenttrace_frozen_sketch_lru_k128_rep2,agenttrace_admission_oracle_v4,trace_derived_simulation,86adc13cec5f5a186ade1082f0fb1da4944533a4,pagarsky/agent-trace: nl2bash_1_7B_20260403T211347Z,https://huggingface.co/datasets/pagarsky/agent-trace,Apache-2.0,250313ae096b0bb8c1986b6f571b68f4ff7617a12026db20214ad84188d12ae5,False,CPU-only; no live vLLM request,frozen,sketch,lru,128,False,4,512,2,10,20260716,b9766e5b953fd351056d6002d64b72ad0952ccfd6b9f4edf0912b81f8cd5fb54,512,128,128,structural agent-turn replay; Oracle-K is offline diagnosis only; no raw source text and no live latency.,Current,384,0.0078125,0.31668270281058625,108196.0,9892.0,4.0,4.0,9856
20260716_agenttrace_frozen_sketch_lfu_k2_rep2,agenttrace_admission_oracle_v4,trace_derived_simulation,86adc13cec5f5a186ade1082f0fb1da4944533a4,pagarsky/agent-trace: nl2bash_1_7B_20260403T211347Z,https://huggingface.co/datasets/pagarsky/agent-trace,Apache-2.0,250313ae096b0bb8c1986b6f571b68f4ff7617a12026db20214ad84188d12ae5,False,CPU-only; no live vLLM request,frozen,sketch,lfu,2,False,4,512,2,10,20260716,b9766e5b953fd351056d6002d64b72ad0952ccfd6b9f4edf0912b81f8cd5fb54,512,128,128,structural agent-turn replay; Oracle-K is offline diagnosis only; no raw source text and no live latency.,Current,384,0.0,0.31194484880668,100744.0,2440.0,4.0,4.0,896
20260716_agenttrace_frozen_sketch_lfu_k4_rep2,agenttrace_admission_oracle_v4,trace_derived_simulation,86adc13cec5f5a186ade1082f0fb1da4944533a4,pagarsky/agent-trace: nl2bash_1_7B_20260403T211347Z,https://huggingface.co/datasets/pagarsky/agent-trace,Apache-2.0,250313ae096b0bb8c1986b6f571b68f4ff7617a12026db20214ad84188d12ae5,False,CPU-only; no live vLLM request,frozen,sketch,lfu,4,False,4,512,2,10,20260716,b9766e5b953fd351056d6002d64b72ad0952ccfd6b9f4edf0912b81f8cd5fb54,512,128,128,structural agent-turn replay; Oracle-K is offline diagnosis only; no raw source text and no live latency.,Current,384,0.0078125,0.3136996095488675,103504.0,5200.0,4.0,4.0,1408
20260716_agenttrace_frozen_sketch_lfu_k8_rep2,agenttrace_admission_oracle_v4,trace_derived_simulation,86adc13cec5f5a186ade1082f0fb1da4944533a4,pagarsky/agent-trace: nl2bash_1_7B_20260403T211347Z,https://huggingface.co/datasets/pagarsky/agent-trace,Apache-2.0,250313ae096b0bb8c1986b6f571b68f4ff7617a12026db20214ad84188d12ae5,False,CPU-only; no live vLLM request,frozen,sketch,lfu,8,False,4,512,2,10,20260716,b9766e5b953fd351056d6002d64b72ad0952ccfd6b9f4edf0912b81f8cd5fb54,512,128,128,structural agent-turn replay; Oracle-K is offline diagnosis only; no raw source text and no live latency.,Current,384,0.0078125,0.3136996095488675,103504.0,5200.0,4.0,4.0,2432
20260716_agenttrace_frozen_sketch_lfu_k16_rep2,agenttrace_admission_oracle_v4,trace_derived_simulation,86adc13cec5f5a186ade1082f0fb1da4944533a4,pagarsky/agent-trace: nl2bash_1_7B_20260403T211347Z,https://huggingface.co/datasets/pagarsky/agent-trace,Apache-2.0,250313ae096b0bb8c1986b6f571b68f4ff7617a12026db20214ad84188d12ae5,False,CPU-only; no live vLLM request,frozen,sketch,lfu,16,False,4,512,2,10,20260716,b9766e5b953fd351056d6002d64b72ad0952ccfd6b9f4edf0912b81f8cd5fb54,512,128,128,structural agent-turn replay; Oracle-K is offline diagnosis only; no raw source text and no live latency.,Current,384,0.0078125,0.31668270281058625,108196.0,9892.0,4.0,4.0,4480
20260716_agenttrace_frozen_sketch_lfu_k32_rep2,agenttrace_admission_oracle_v4,trace_derived_simulation,86adc13cec5f5a186ade1082f0fb1da4944533a4,pagarsky/agent-trace: nl2bash_1_7B_20260403T211347Z,https://huggingface.co/datasets/pagarsky/agent-trace,Apache-2.0,250313ae096b0bb8c1986b6f571b68f4ff7617a12026db20214ad84188d12ae5,False,CPU-only; no live vLLM request,frozen,sketch,lfu,32,False,4,512,2,10,20260716,b9766e5b953fd351056d6002d64b72ad0952ccfd6b9f4edf0912b81f8cd5fb54,512,128,128,structural agent-turn replay; Oracle-K is offline diagnosis only; no raw source text and no live latency.,Current,384,0.0078125,0.31668270281058625,108196.0,9892.0,4.0,4.0,8576
20260716_agenttrace_frozen_sketch_lfu_k64_rep2,agenttrace_admission_oracle_v4,trace_derived_simulation,86adc13cec5f5a186ade1082f0fb1da4944533a4,pagarsky/agent-trace: nl2bash_1_7B_20260403T211347Z,https://huggingface.co/datasets/pagarsky/agent-trace,Apache-2.0,250313ae096b0bb8c1986b6f571b68f4ff7617a12026db20214ad84188d12ae5,False,CPU-only; no live vLLM request,frozen,sketch,lfu,64,False,4,512,2,10,20260716,b9766e5b953fd351056d6002d64b72ad0952ccfd6b9f4edf0912b81f8cd5fb54,512,128,128,structural agent-turn replay; Oracle-K is offline diagnosis only; no raw source text and no live latency.,Current,384,0.0078125,0.31668270281058625,108196.0,9892.0,4.0,4.0,9856
20260716_agenttrace_frozen_sketch_lfu_k128_rep2,agenttrace_admission_oracle_v4,trace_derived_simulation,86adc13cec5f5a186ade1082f0fb1da4944533a4,pagarsky/agent-trace: nl2bash_1_7B_20260403T211347Z,https://huggingface.co/datasets/pagarsky/agent-trace,Apache-2.0,250313ae096b0bb8c1986b6f571b68f4ff7617a12026db20214ad84188d12ae5,False,CPU-only; no live vLLM request,frozen,sketch,lfu,128,False,4,512,2,10,20260716,b9766e5b953fd351056d6002d64b72ad0952ccfd6b9f4edf0912b81f8cd5fb54,512,128,128,structural agent-turn replay; Oracle-K is offline diagnosis only; no raw source text and no live latency.,Current,384,0.0078125,0.31668270281058625,108196.0,9892.0,4.0,4.0,9856
20260716_agenttrace_frozen_sketch_coverage_first_k2_rep2,agenttrace_admission_oracle_v4,trace_derived_simulation,86adc13cec5f5a186ade1082f0fb1da4944533a4,pagarsky/agent-trace: nl2bash_1_7B_20260403T211347Z,https://huggingface.co/datasets/pagarsky/agent-trace,Apache-2.0,250313ae096b0bb8c1986b6f571b68f4ff7617a12026db20214ad84188d12ae5,False,CPU-only; no live vLLM request,frozen,sketch,coverage_first,2,False,4,512,2,10,20260716,b9766e5b953fd351056d6002d64b72ad0952ccfd6b9f4edf0912b81f8cd5fb54,512,128,128,structural agent-turn replay; Oracle-K is offline diagnosis only; no raw source text and no live latency.,Current,384,0.0078125,0.31688985099678985,108177.0,9873.0,1.0,1.0,896
20260716_agenttrace_frozen_sketch_coverage_first_k4_rep2,agenttrace_admission_oracle_v4,trace_derived_simulation,86adc13cec5f5a186ade1082f0fb1da4944533a4,pagarsky/agent-trace: nl2bash_1_7B_20260403T211347Z,https://huggingface.co/datasets/pagarsky/agent-trace,Apache-2.0,250313ae096b0bb8c1986b6f571b68f4ff7617a12026db20214ad84188d12ae5,False,CPU-only; no live vLLM request,frozen,sketch,coverage_first,4,False,4,512,2,10,20260716,b9766e5b953fd351056d6002d64b72ad0952ccfd6b9f4edf0912b81f8cd5fb54,512,128,128,structural agent-turn replay; Oracle-K is offline diagnosis only; no raw source text and no live latency.,Current,384,0.0078125,0.31667169564232134,108198.0,9894.0,1.0,1.0,1408
20260716_agenttrace_frozen_sketch_coverage_first_k8_rep2,agenttrace_admission_oracle_v4,trace_derived_simulation,86adc13cec5f5a186ade1082f0fb1da4944533a4,pagarsky/agent-trace: nl2bash_1_7B_20260403T211347Z,https://huggingface.co/datasets/pagarsky/agent-trace,Apache-2.0,250313ae096b0bb8c1986b6f571b68f4ff7617a12026db20214ad84188d12ae5,False,CPU-only; no live vLLM request,frozen,sketch,coverage_first,8,False,4,512,2,10,20260716,b9766e5b953fd351056d6002d64b72ad0952ccfd6b9f4edf0912b81f8cd5fb54,512,128,128,structural agent-turn replay; Oracle-K is offline diagnosis only; no raw source text and no live latency.,Current,384,0.0078125,0.31599759113056464,108037.0,9733.0,1.0,1.0,2432
20260716_agenttrace_frozen_sketch_coverage_first_k16_rep2,agenttrace_admission_oracle_v4,trace_derived_simulation,86adc13cec5f5a186ade1082f0fb1da4944533a4,pagarsky/agent-trace: nl2bash_1_7B_20260403T211347Z,https://huggingface.co/datasets/pagarsky/agent-trace,Apache-2.0,250313ae096b0bb8c1986b6f571b68f4ff7617a12026db20214ad84188d12ae5,False,CPU-only; no live vLLM request,frozen,sketch,coverage_first,16,False,4,512,2,10,20260716,b9766e5b953fd351056d6002d64b72ad0952ccfd6b9f4edf0912b81f8cd5fb54,512,128,128,structural agent-turn replay; Oracle-K is offline diagnosis only; no raw source text and no live latency.,Current,384,0.0078125,0.3161714967499343,107801.0,9497.0,1.0,1.0,4480
20260716_agenttrace_frozen_sketch_coverage_first_k32_rep2,agenttrace_admission_oracle_v4,trace_derived_simulation,86adc13cec5f5a186ade1082f0fb1da4944533a4,pagarsky/agent-trace: nl2bash_1_7B_20260403T211347Z,https://huggingface.co/datasets/pagarsky/agent-trace,Apache-2.0,250313ae096b0bb8c1986b6f571b68f4ff7617a12026db20214ad84188d12ae5,False,CPU-only; no live vLLM request,frozen,sketch,coverage_first,32,False,4,512,2,10,20260716,b9766e5b953fd351056d6002d64b72ad0952ccfd6b9f4edf0912b81f8cd5fb54,512,128,128,structural agent-turn replay; Oracle-K is offline diagnosis only; no raw source text and no live latency.,Current,384,0.0078125,0.31668270281058625,108196.0,9892.0,2.0,2.0,8576
20260716_agenttrace_frozen_sketch_coverage_first_k64_rep2,agenttrace_admission_oracle_v4,trace_derived_simulation,86adc13cec5f5a186ade1082f0fb1da4944533a4,pagarsky/agent-trace: nl2bash_1_7B_20260403T211347Z,https://huggingface.co/datasets/pagarsky/agent-trace,Apache-2.0,250313ae096b0bb8c1986b6f571b68f4ff7617a12026db20214ad84188d12ae5,False,CPU-only; no live vLLM request,frozen,sketch,coverage_first,64,False,4,512,2,10,20260716,b9766e5b953fd351056d6002d64b72ad0952ccfd6b9f4edf0912b81f8cd5fb54,512,128,128,structural agent-turn replay; Oracle-K is offline diagnosis only; no raw source text and no live latency.,Current,384,0.0078125,0.31668270281058625,108196.0,9892.0,4.0,4.0,9856
20260716_agenttrace_frozen_sketch_coverage_first_k128_rep2,agenttrace_admission_oracle_v4,trace_derived_simulation,86adc13cec5f5a186ade1082f0fb1da4944533a4,pagarsky/agent-trace: nl2bash_1_7B_20260403T211347Z,https://huggingface.co/datasets/pagarsky/agent-trace,Apache-2.0,250313ae096b0bb8c1986b6f571b68f4ff7617a12026db20214ad84188d12ae5,False,CPU-only; no live vLLM request,frozen,sketch,coverage_first,128,False,4,512,2,10,20260716,b9766e5b953fd351056d6002d64b72ad0952ccfd6b9f4edf0912b81f8cd5fb54,512,128,128,structural agent-turn replay; Oracle-K is offline diagnosis only; no raw source text and no live latency.,Current,384,0.0078125,0.31668270281058625,108196.0,9892.0,4.0,4.0,9856
20260716_agenttrace_frozen_sketch_saved_prefill_first_k2_rep2,agenttrace_admission_oracle_v4,trace_derived_simulation,86adc13cec5f5a186ade1082f0fb1da4944533a4,pagarsky/agent-trace: nl2bash_1_7B_20260403T211347Z,https://huggingface.co/datasets/pagarsky/agent-trace,Apache-2.0,250313ae096b0bb8c1986b6f571b68f4ff7617a12026db20214ad84188d12ae5,False,CPU-only; no live vLLM request,frozen,sketch,saved_prefill_first,2,False,4,512,2,10,20260716,b9766e5b953fd351056d6002d64b72ad0952ccfd6b9f4edf0912b81f8cd5fb54,512,128,128,structural agent-turn replay; Oracle-K is offline diagnosis only; no raw source text and no live latency.,Current,384,0.0078125,0.31668270281058625,108196.0,9892.0,4.0,4.0,896
20260716_agenttrace_frozen_sketch_saved_prefill_first_k4_rep2,agenttrace_admission_oracle_v4,trace_derived_simulation,86adc13cec5f5a186ade1082f0fb1da4944533a4,pagarsky/agent-trace: nl2bash_1_7B_20260403T211347Z,https://huggingface.co/datasets/pagarsky/agent-trace,Apache-2.0,250313ae096b0bb8c1986b6f571b68f4ff7617a12026db20214ad84188d12ae5,False,CPU-only; no live vLLM request,frozen,sketch,saved_prefill_first,4,False,4,512,2,10,20260716,b9766e5b953fd351056d6002d64b72ad0952ccfd6b9f4edf0912b81f8cd5fb54,512,128,128,structural agent-turn replay; Oracle-K is offline diagnosis only; no raw source text and no live latency.,Current,384,0.0078125,0.31668270281058625,108196.0,9892.0,4.0,4.0,1408
20260716_agenttrace_frozen_sketch_saved_prefill_first_k8_rep2,agenttrace_admission_oracle_v4,trace_derived_simulation,86adc13cec5f5a186ade1082f0fb1da4944533a4,pagarsky/agent-trace: nl2bash_1_7B_20260403T211347Z,https://huggingface.co/datasets/pagarsky/agent-trace,Apache-2.0,250313ae096b0bb8c1986b6f571b68f4ff7617a12026db20214ad84188d12ae5,False,CPU-only; no live vLLM request,frozen,sketch,saved_prefill_first,8,False,4,512,2,10,20260716,b9766e5b953fd351056d6002d64b72ad0952ccfd6b9f4edf0912b81f8cd5fb54,512,128,128,structural agent-turn replay; Oracle-K is offline diagnosis only; no raw source text and no live latency.,Current,384,0.0078125,0.31668270281058625,108196.0,9892.0,4.0,4.0,2432
20260716_agenttrace_frozen_sketch_saved_prefill_first_k16_rep2,agenttrace_admission_oracle_v4,trace_derived_simulation,86adc13cec5f5a186ade1082f0fb1da4944533a4,pagarsky/agent-trace: nl2bash_1_7B_20260403T211347Z,https://huggingface.co/datasets/pagarsky/agent-trace,Apache-2.0,250313ae096b0bb8c1986b6f571b68f4ff7617a12026db20214ad84188d12ae5,False,CPU-only; no live vLLM request,frozen,sketch,saved_prefill_first,16,False,4,512,2,10,20260716,b9766e5b953fd351056d6002d64b72ad0952ccfd6b9f4edf0912b81f8cd5fb54,512,128,128,structural agent-turn replay; Oracle-K is offline diagnosis only; no raw source text and no live latency.,Current,384,0.0078125,0.31668270281058625,108196.0,9892.0,4.0,4.0,4480
20260716_agenttrace_frozen_sketch_saved_prefill_first_k32_rep2,agenttrace_admission_oracle_v4,trace_derived_simulation,86adc13cec5f5a186ade1082f0fb1da4944533a4,pagarsky/agent-trace: nl2bash_1_7B_20260403T211347Z,https://huggingface.co/datasets/pagarsky/agent-trace,Apache-2.0,250313ae096b0bb8c1986b6f571b68f4ff7617a12026db20214ad84188d12ae5,False,CPU-only; no live vLLM request,frozen,sketch,saved_prefill_first,32,False,4,512,2,10,20260716,b9766e5b953fd351056d6002d64b72ad0952ccfd6b9f4edf0912b81f8cd5fb54,512,128,128,structural agent-turn replay; Oracle-K is offline diagnosis only; no raw source text and no live latency.,Current,384,0.0078125,0.31668270281058625,108196.0,9892.0,4.0,4.0,8576
20260716_agenttrace_frozen_sketch_saved_prefill_first_k64_rep2,agenttrace_admission_oracle_v4,trace_derived_simulation,86adc13cec5f5a186ade1082f0fb1da4944533a4,pagarsky/agent-trace: nl2bash_1_7B_20260403T211347Z,https://huggingface.co/datasets/pagarsky/agent-trace,Apache-2.0,250313ae096b0bb8c1986b6f571b68f4ff7617a12026db20214ad84188d12ae5,False,CPU-only; no live vLLM request,frozen,sketch,saved_prefill_first,64,False,4,512,2,10,20260716,b9766e5b953fd351056d6002d64b72ad0952ccfd6b9f4edf0912b81f8cd5fb54,512,128,128,structural agent-turn replay; Oracle-K is offline diagnosis only; no raw source text and no live latency.,Current,384,0.0078125,0.31668270281058625,108196.0,9892.0,4.0,4.0,9856
20260716_agenttrace_frozen_sketch_saved_prefill_first_k128_rep2,agenttrace_admission_oracle_v4,trace_derived_simulation,86adc13cec5f5a186ade1082f0fb1da4944533a4,pagarsky/agent-trace: nl2bash_1_7B_20260403T211347Z,https://huggingface.co/datasets/pagarsky/agent-trace,Apache-2.0,250313ae096b0bb8c1986b6f571b68f4ff7617a12026db20214ad84188d12ae5,False,CPU-only; no live vLLM request,frozen,sketch,saved_prefill_first,128,False,4,512,2,10,20260716,b9766e5b953fd351056d6002d64b72ad0952ccfd6b9f4edf0912b81f8cd5fb54,512,128,128,structural agent-turn replay; Oracle-K is offline diagnosis only; no raw source text and no live latency.,Current,384,0.0078125,0.31668270281058625,108196.0,9892.0,4.0,4.0,9856
20260716_agenttrace_frozen_sketch_reuse_distance_k2_rep2,agenttrace_admission_oracle_v4,trace_derived_simulation,86adc13cec5f5a186ade1082f0fb1da4944533a4,pagarsky/agent-trace: nl2bash_1_7B_20260403T211347Z,https://huggingface.co/datasets/pagarsky/agent-trace,Apache-2.0,250313ae096b0bb8c1986b6f571b68f4ff7617a12026db20214ad84188d12ae5,False,CPU-only; no live vLLM request,frozen,sketch,reuse_distance,2,False,4,512,2,10,20260716,b9766e5b953fd351056d6002d64b72ad0952ccfd6b9f4edf0912b81f8cd5fb54,512,128,128,structural agent-turn replay; Oracle-K is offline diagnosis only; no raw source text and no live latency.,Current,384,0.0078125,0.31688985099678985,108177.0,9873.0,1.0,1.0,896
20260716_agenttrace_frozen_sketch_reuse_distance_k4_rep2,agenttrace_admission_oracle_v4,trace_derived_simulation,86adc13cec5f5a186ade1082f0fb1da4944533a4,pagarsky/agent-trace: nl2bash_1_7B_20260403T211347Z,https://huggingface.co/datasets/pagarsky/agent-trace,Apache-2.0,250313ae096b0bb8c1986b6f571b68f4ff7617a12026db20214ad84188d12ae5,False,CPU-only; no live vLLM request,frozen,sketch,reuse_distance,4,False,4,512,2,10,20260716,b9766e5b953fd351056d6002d64b72ad0952ccfd6b9f4edf0912b81f8cd5fb54,512,128,128,structural agent-turn replay; Oracle-K is offline diagnosis only; no raw source text and no live latency.,Current,384,0.0078125,0.3155797546278568,107858.0,9554.0,1.0,1.0,1408
20260716_agenttrace_frozen_sketch_reuse_distance_k8_rep2,agenttrace_admission_oracle_v4,trace_derived_simulation,86adc13cec5f5a186ade1082f0fb1da4944533a4,pagarsky/agent-trace: nl2bash_1_7B_20260403T211347Z,https://huggingface.co/datasets/pagarsky/agent-trace,Apache-2.0,250313ae096b0bb8c1986b6f571b68f4ff7617a12026db20214ad84188d12ae5,False,CPU-only; no live vLLM request,frozen,sketch,reuse_distance,8,False,4,512,2,10,20260716,b9766e5b953fd351056d6002d64b72ad0952ccfd6b9f4edf0912b81f8cd5fb54,512,128,128,structural agent-turn replay; Oracle-K is offline diagnosis only; no raw source text and no live latency.,Current,384,0.0078125,0.31638108577029433,108184.0,9880.0,1.0,1.0,2432
20260716_agenttrace_frozen_sketch_reuse_distance_k16_rep2,agenttrace_admission_oracle_v4,trace_derived_simulation,86adc13cec5f5a186ade1082f0fb1da4944533a4,pagarsky/agent-trace: nl2bash_1_7B_20260403T211347Z,https://huggingface.co/datasets/pagarsky/agent-trace,Apache-2.0,250313ae096b0bb8c1986b6f571b68f4ff7617a12026db20214ad84188d12ae5,False,CPU-only; no live vLLM request,frozen,sketch,reuse_distance,16,False,4,512,2,10,20260716,b9766e5b953fd351056d6002d64b72ad0952ccfd6b9f4edf0912b81f8cd5fb54,512,128,128,structural agent-turn replay; Oracle-K is offline diagnosis only; no raw source text and no live latency.,Current,384,0.0078125,0.3160834059593928,107808.0,9504.0,1.0,1.0,4480
20260716_agenttrace_frozen_sketch_reuse_distance_k32_rep2,agenttrace_admission_oracle_v4,trace_derived_simulation,86adc13cec5f5a186ade1082f0fb1da4944533a4,pagarsky/agent-trace: nl2bash_1_7B_20260403T211347Z,https://huggingface.co/datasets/pagarsky/agent-trace,Apache-2.0,250313ae096b0bb8c1986b6f571b68f4ff7617a12026db20214ad84188d12ae5,False,CPU-only; no live vLLM request,frozen,sketch,reuse_distance,32,False,4,512,2,10,20260716,b9766e5b953fd351056d6002d64b72ad0952ccfd6b9f4edf0912b81f8cd5fb54,512,128,128,structural agent-turn replay; Oracle-K is offline diagnosis only; no raw source text and no live latency.,Current,384,0.0078125,0.31668270281058625,108196.0,9892.0,2.0,2.0,8576
20260716_agenttrace_frozen_sketch_reuse_distance_k64_rep2,agenttrace_admission_oracle_v4,trace_derived_simulation,86adc13cec5f5a186ade1082f0fb1da4944533a4,pagarsky/agent-trace: nl2bash_1_7B_20260403T211347Z,https://huggingface.co/datasets/pagarsky/agent-trace,Apache-2.0,250313ae096b0bb8c1986b6f571b68f4ff7617a12026db20214ad84188d12ae5,False,CPU-only; no live vLLM request,frozen,sketch,reuse_distance,64,False,4,512,2,10,20260716,b9766e5b953fd351056d6002d64b72ad0952ccfd6b9f4edf0912b81f8cd5fb54,512,128,128,structural agent-turn replay; Oracle-K is offline diagnosis only; no raw source text and no live latency.,Current,384,0.0078125,0.31668270281058625,108196.0,9892.0,4.0,4.0,9856
20260716_agenttrace_frozen_sketch_reuse_distance_k128_rep2,agenttrace_admission_oracle_v4,trace_derived_simulation,86adc13cec5f5a186ade1082f0fb1da4944533a4,pagarsky/agent-trace: nl2bash_1_7B_20260403T211347Z,https://huggingface.co/datasets/pagarsky/agent-trace,Apache-2.0,250313ae096b0bb8c1986b6f571b68f4ff7617a12026db20214ad84188d12ae5,False,CPU-only; no live vLLM request,frozen,sketch,reuse_distance,128,False,4,512,2,10,20260716,b9766e5b953fd351056d6002d64b72ad0952ccfd6b9f4edf0912b81f8cd5fb54,512,128,128,structural agent-turn replay; Oracle-K is offline diagnosis only; no raw source text and no live latency.,Current,384,0.0078125,0.31668270281058625,108196.0,9892.0,4.0,4.0,9856
20260716_agenttrace_frozen_sketch_oracle_future_value_k2_rep2,agenttrace_admission_oracle_v4,trace_derived_simulation,86adc13cec5f5a186ade1082f0fb1da4944533a4,pagarsky/agent-trace: nl2bash_1_7B_20260403T211347Z,https://huggingface.co/datasets/pagarsky/agent-trace,Apache-2.0,250313ae096b0bb8c1986b6f571b68f4ff7617a12026db20214ad84188d12ae5,False,CPU-only; no live vLLM request,frozen,sketch,oracle_future_value,2,True,4,512,2,10,20260716,b9766e5b953fd351056d6002d64b72ad0952ccfd6b9f4edf0912b81f8cd5fb54,512,128,128,structural agent-turn replay; Oracle-K is offline diagnosis only; no raw source text and no live latency.,UpperBoundOnly,384,0.0078125,0.31651765813429233,108321.0,10017.0,0.0,0.0,896
20260716_agenttrace_frozen_sketch_oracle_future_value_k4_rep2,agenttrace_admission_oracle_v4,trace_derived_simulation,86adc13cec5f5a186ade1082f0fb1da4944533a4,pagarsky/agent-trace: nl2bash_1_7B_20260403T211347Z,https://huggingface.co/datasets/pagarsky/agent-trace,Apache-2.0,250313ae096b0bb8c1986b6f571b68f4ff7617a12026db20214ad84188d12ae5,False,CPU-only; no live vLLM request,frozen,sketch,oracle_future_value,4,True,4,512,2,10,20260716,b9766e5b953fd351056d6002d64b72ad0952ccfd6b9f4edf0912b81f8cd5fb54,512,128,128,structural agent-turn replay; Oracle-K is offline diagnosis only; no raw source text and no live latency.,UpperBoundOnly,384,0.0078125,0.31627268856530993,107903.0,9599.0,1.0,1.0,1408
20260716_agenttrace_frozen_sketch_oracle_future_value_k8_rep2,agenttrace_admission_oracle_v4,trace_derived_simulation,86adc13cec5f5a186ade1082f0fb1da4944533a4,pagarsky/agent-trace: nl2bash_1_7B_20260403T211347Z,https://huggingface.co/datasets/pagarsky/agent-trace,Apache-2.0,250313ae096b0bb8c1986b6f571b68f4ff7617a12026db20214ad84188d12ae5,False,CPU-only; no live vLLM request,frozen,sketch,oracle_future_value,8,True,4,512,2,10,20260716,b9766e5b953fd351056d6002d64b72ad0952ccfd6b9f4edf0912b81f8cd5fb54,512,128,128,structural agent-turn replay; Oracle-K is offline diagnosis only; no raw source text and no live latency.,UpperBoundOnly,384,0.0078125,0.3167865394996376,108471.0,10167.0,1.0,1.0,2432
20260716_agenttrace_frozen_sketch_oracle_future_value_k16_rep2,agenttrace_admission_oracle_v4,trace_derived_simulation,86adc13cec5f5a186ade1082f0fb1da4944533a4,pagarsky/agent-trace: nl2bash_1_7B_20260403T211347Z,https://huggingface.co/datasets/pagarsky/agent-trace,Apache-2.0,250313ae096b0bb8c1986b6f571b68f4ff7617a12026db20214ad84188d12ae5,False,CPU-only; no live vLLM request,frozen,sketch,oracle_future_value,16,True,4,512,2,10,20260716,b9766e5b953fd351056d6002d64b72ad0952ccfd6b9f4edf0912b81f8cd5fb54,512,128,128,structural agent-turn replay; Oracle-K is offline diagnosis only; no raw source text and no live latency.,UpperBoundOnly,384,0.0078125,0.31544958485163754,107629.0,9325.0,1.0,1.0,4480
20260716_agenttrace_frozen_sketch_oracle_future_value_k32_rep2,agenttrace_admission_oracle_v4,trace_derived_simulation,86adc13cec5f5a186ade1082f0fb1da4944533a4,pagarsky/agent-trace: nl2bash_1_7B_20260403T211347Z,https://huggingface.co/datasets/pagarsky/agent-trace,Apache-2.0,250313ae096b0bb8c1986b6f571b68f4ff7617a12026db20214ad84188d12ae5,False,CPU-only; no live vLLM request,frozen,sketch,oracle_future_value,32,True,4,512,2,10,20260716,b9766e5b953fd351056d6002d64b72ad0952ccfd6b9f4edf0912b81f8cd5fb54,512,128,128,structural agent-turn replay; Oracle-K is offline diagnosis only; no raw source text and no live latency.,UpperBoundOnly,384,0.0078125,0.31668270281058625,108196.0,9892.0,2.0,2.0,8576
20260716_agenttrace_frozen_sketch_oracle_future_value_k64_rep2,agenttrace_admission_oracle_v4,trace_derived_simulation,86adc13cec5f5a186ade1082f0fb1da4944533a4,pagarsky/agent-trace: nl2bash_1_7B_20260403T211347Z,https://huggingface.co/datasets/pagarsky/agent-trace,Apache-2.0,250313ae096b0bb8c1986b6f571b68f4ff7617a12026db20214ad84188d12ae5,False,CPU-only; no live vLLM request,frozen,sketch,oracle_future_value,64,True,4,512,2,10,20260716,b9766e5b953fd351056d6002d64b72ad0952ccfd6b9f4edf0912b81f8cd5fb54,512,128,128,structural agent-turn replay; Oracle-K is offline diagnosis only; no raw source text and no live latency.,UpperBoundOnly,384,0.0078125,0.31668270281058625,108196.0,9892.0,4.0,4.0,9856
20260716_agenttrace_frozen_sketch_oracle_future_value_k128_rep2,agenttrace_admission_oracle_v4,trace_derived_simulation,86adc13cec5f5a186ade1082f0fb1da4944533a4,pagarsky/agent-trace: nl2bash_1_7B_20260403T211347Z,https://huggingface.co/datasets/pagarsky/agent-trace,Apache-2.0,250313ae096b0bb8c1986b6f571b68f4ff7617a12026db20214ad84188d12ae5,False,CPU-only; no live vLLM request,frozen,sketch,oracle_future_value,128,True,4,512,2,10,20260716,b9766e5b953fd351056d6002d64b72ad0952ccfd6b9f4edf0912b81f8cd5fb54,512,128,128,structural agent-turn replay; Oracle-K is offline diagnosis only; no raw source text and no live latency.,UpperBoundOnly,384,0.0078125,0.31668270281058625,108196.0,9892.0,4.0,4.0,9856
20260716_agenttrace_closed_loop_load_only_kinf_rep2,agenttrace_admission_oracle_v4,trace_derived_simulation,86adc13cec5f5a186ade1082f0fb1da4944533a4,pagarsky/agent-trace: nl2bash_1_7B_20260403T211347Z,https://huggingface.co/datasets/pagarsky/agent-trace,Apache-2.0,250313ae096b0bb8c1986b6f571b68f4ff7617a12026db20214ad84188d12ae5,False,CPU-only; no live vLLM request,closed_loop,load_only,none,inf,False,4,512,2,10,20260716,b9766e5b953fd351056d6002d64b72ad0952ccfd6b9f4edf0912b81f8cd5fb54,512,128,128,structural agent-turn replay; Oracle-K is offline diagnosis only; no raw source text and no live latency.,Current,384,0.0,0.34727187399087556,152350.0,54046.0,0.0,0.0,384
20260716_agenttrace_closed_loop_exact_kinf_rep2,agenttrace_admission_oracle_v4,trace_derived_simulation,86adc13cec5f5a186ade1082f0fb1da4944533a4,pagarsky/agent-trace: nl2bash_1_7B_20260403T211347Z,https://huggingface.co/datasets/pagarsky/agent-trace,Apache-2.0,250313ae096b0bb8c1986b6f571b68f4ff7617a12026db20214ad84188d12ae5,False,CPU-only; no live vLLM request,closed_loop,exact,exact,inf,False,4,512,2,10,20260716,b9766e5b953fd351056d6002d64b72ad0952ccfd6b9f4edf0912b81f8cd5fb54,512,128,128,structural agent-turn replay; Oracle-K is offline diagnosis only; no raw source text and no live latency.,Current,384,0.14583333333333334,0.3971050784322868,226826.0,128522.0,3.0,3.0,16896
20260716_agenttrace_closed_loop_sketch_lru_k2_rep2,agenttrace_admission_oracle_v4,trace_derived_simulation,86adc13cec5f5a186ade1082f0fb1da4944533a4,pagarsky/agent-trace: nl2bash_1_7B_20260403T211347Z,https://huggingface.co/datasets/pagarsky/agent-trace,Apache-2.0,250313ae096b0bb8c1986b6f571b68f4ff7617a12026db20214ad84188d12ae5,False,CPU-only; no live vLLM request,closed_loop,sketch,lru,2,False,4,512,2,10,20260716,b9766e5b953fd351056d6002d64b72ad0952ccfd6b9f4edf0912b81f8cd5fb54,512,128,128,structural agent-turn replay; Oracle-K is offline diagnosis only; no raw source text and no live latency.,Current,384,0.005208333333333333,0.36534879358645317,178451.0,80147.0,3.0,3.0,768
20260716_agenttrace_closed_loop_sketch_lru_k4_rep2,agenttrace_admission_oracle_v4,trace_derived_simulation,86adc13cec5f5a186ade1082f0fb1da4944533a4,pagarsky/agent-trace: nl2bash_1_7B_20260403T211347Z,https://huggingface.co/datasets/pagarsky/agent-trace,Apache-2.0,250313ae096b0bb8c1986b6f571b68f4ff7617a12026db20214ad84188d12ae5,False,CPU-only; no live vLLM request,closed_loop,sketch,lru,4,False,4,512,2,10,20260716,b9766e5b953fd351056d6002d64b72ad0952ccfd6b9f4edf0912b81f8cd5fb54,512,128,128,structural agent-turn replay; Oracle-K is offline diagnosis only; no raw source text and no live latency.,Current,384,0.005208333333333333,0.36534879358645317,178451.0,80147.0,3.0,3.0,1024
20260716_agenttrace_closed_loop_sketch_lru_k8_rep2,agenttrace_admission_oracle_v4,trace_derived_simulation,86adc13cec5f5a186ade1082f0fb1da4944533a4,pagarsky/agent-trace: nl2bash_1_7B_20260403T211347Z,https://huggingface.co/datasets/pagarsky/agent-trace,Apache-2.0,250313ae096b0bb8c1986b6f571b68f4ff7617a12026db20214ad84188d12ae5,False,CPU-only; no live vLLM request,closed_loop,sketch,lru,8,False,4,512,2,10,20260716,b9766e5b953fd351056d6002d64b72ad0952ccfd6b9f4edf0912b81f8cd5fb54,512,128,128,structural agent-turn replay; Oracle-K is offline diagnosis only; no raw source text and no live latency.,Current,384,0.010416666666666666,0.36594325057701305,179386.0,81082.0,3.0,3.0,1536
20260716_agenttrace_closed_loop_sketch_lru_k16_rep2,agenttrace_admission_oracle_v4,trace_derived_simulation,86adc13cec5f5a186ade1082f0fb1da4944533a4,pagarsky/agent-trace: nl2bash_1_7B_20260403T211347Z,https://huggingface.co/datasets/pagarsky/agent-trace,Apache-2.0,250313ae096b0bb8c1986b6f571b68f4ff7617a12026db20214ad84188d12ae5,False,CPU-only; no live vLLM request,closed_loop,sketch,lru,16,False,4,512,2,10,20260716,b9766e5b953fd351056d6002d64b72ad0952ccfd6b9f4edf0912b81f8cd5fb54,512,128,128,structural agent-turn replay; Oracle-K is offline diagnosis only; no raw source text and no live latency.,Current,384,0.028645833333333332,0.36492543736890315,177582.0,79278.0,3.0,3.0,2560
20260716_agenttrace_closed_loop_sketch_lru_k32_rep2,agenttrace_admission_oracle_v4,trace_derived_simulation,86adc13cec5f5a186ade1082f0fb1da4944533a4,pagarsky/agent-trace: nl2bash_1_7B_20260403T211347Z,https://huggingface.co/datasets/pagarsky/agent-trace,Apache-2.0,250313ae096b0bb8c1986b6f571b68f4ff7617a12026db20214ad84188d12ae5,False,CPU-only; no live vLLM request,closed_loop,sketch,lru,32,False,4,512,2,10,20260716,b9766e5b953fd351056d6002d64b72ad0952ccfd6b9f4edf0912b81f8cd5fb54,512,128,128,structural agent-turn replay; Oracle-K is offline diagnosis only; no raw source text and no live latency.,Current,384,0.06510416666666667,0.37373984879615396,190728.0,92424.0,3.0,3.0,4608
20260716_agenttrace_closed_loop_sketch_lru_k64_rep2,agenttrace_admission_oracle_v4,trace_derived_simulation,86adc13cec5f5a186ade1082f0fb1da4944533a4,pagarsky/agent-trace: nl2bash_1_7B_20260403T211347Z,https://huggingface.co/datasets/pagarsky/agent-trace,Apache-2.0,250313ae096b0bb8c1986b6f571b68f4ff7617a12026db20214ad84188d12ae5,False,CPU-only; no live vLLM request,closed_loop,sketch,lru,64,False,4,512,2,10,20260716,b9766e5b953fd351056d6002d64b72ad0952ccfd6b9f4edf0912b81f8cd5fb54,512,128,128,structural agent-turn replay; Oracle-K is offline diagnosis only; no raw source text and no live latency.,Current,384,0.10677083333333333,0.38458056837329746,207532.0,109228.0,3.0,3.0,8704
20260716_agenttrace_closed_loop_sketch_lru_k128_rep2,agenttrace_admission_oracle_v4,trace_derived_simulation,86adc13cec5f5a186ade1082f0fb1da4944533a4,pagarsky/agent-trace: nl2bash_1_7B_20260403T211347Z,https://huggingface.co/datasets/pagarsky/agent-trace,Apache-2.0,250313ae096b0bb8c1986b6f571b68f4ff7617a12026db20214ad84188d12ae5,False,CPU-only; no live vLLM request,closed_loop,sketch,lru,128,False,4,512,2,10,20260716,b9766e5b953fd351056d6002d64b72ad0952ccfd6b9f4edf0912b81f8cd5fb54,512,128,128,structural agent-turn replay; Oracle-K is offline diagnosis only; no raw source text and no live latency.,Current,384,0.14583333333333334,0.3971050784322868,226826.0,128522.0,3.0,3.0,16896
20260716_agenttrace_closed_loop_sketch_lfu_k2_rep2,agenttrace_admission_oracle_v4,trace_derived_simulation,86adc13cec5f5a186ade1082f0fb1da4944533a4,pagarsky/agent-trace: nl2bash_1_7B_20260403T211347Z,https://huggingface.co/datasets/pagarsky/agent-trace,Apache-2.0,250313ae096b0bb8c1986b6f571b68f4ff7617a12026db20214ad84188d12ae5,False,CPU-only; no live vLLM request,closed_loop,sketch,lfu,2,False,4,512,2,10,20260716,b9766e5b953fd351056d6002d64b72ad0952ccfd6b9f4edf0912b81f8cd5fb54,512,128,128,structural agent-turn replay; Oracle-K is offline diagnosis only; no raw source text and no live latency.,Current,384,0.0,0.36293409021731254,174653.0,76349.0,3.0,3.0,768
20260716_agenttrace_closed_loop_sketch_lfu_k4_rep2,agenttrace_admission_oracle_v4,trace_derived_simulation,86adc13cec5f5a186ade1082f0fb1da4944533a4,pagarsky/agent-trace: nl2bash_1_7B_20260403T211347Z,https://huggingface.co/datasets/pagarsky/agent-trace,Apache-2.0,250313ae096b0bb8c1986b6f571b68f4ff7617a12026db20214ad84188d12ae5,False,CPU-only; no live vLLM request,closed_loop,sketch,lfu,4,False,4,512,2,10,20260716,b9766e5b953fd351056d6002d64b72ad0952ccfd6b9f4edf0912b81f8cd5fb54,512,128,128,structural agent-turn replay; Oracle-K is offline diagnosis only; no raw source text and no live latency.,Current,384,0.0026041666666666665,0.36118441573814586,171901.0,73597.0,3.0,3.0,1024
20260716_agenttrace_closed_loop_sketch_lfu_k8_rep2,agenttrace_admission_oracle_v4,trace_derived_simulation,86adc13cec5f5a186ade1082f0fb1da4944533a4,pagarsky/agent-trace: nl2bash_1_7B_20260403T211347Z,https://huggingface.co/datasets/pagarsky/agent-trace,Apache-2.0,250313ae096b0bb8c1986b6f571b68f4ff7617a12026db20214ad84188d12ae5,False,CPU-only; no live vLLM request,closed_loop,sketch,lfu,8,False,4,512,2,10,20260716,b9766e5b953fd351056d6002d64b72ad0952ccfd6b9f4edf0912b81f8cd5fb54,512,128,128,structural agent-turn replay; Oracle-K is offline diagnosis only; no raw source text and no live latency.,Current,384,0.018229166666666668,0.36282943457824934,174350.0,76046.0,3.0,3.0,1536
20260716_agenttrace_closed_loop_sketch_lfu_k16_rep2,agenttrace_admission_oracle_v4,trace_derived_simulation,86adc13cec5f5a186ade1082f0fb1da4944533a4,pagarsky/agent-trace: nl2bash_1_7B_20260403T211347Z,https://huggingface.co/datasets/pagarsky/agent-trace,Apache-2.0,250313ae096b0bb8c1986b6f571b68f4ff7617a12026db20214ad84188d12ae5,False,CPU-only; no live vLLM request,closed_loop,sketch,lfu,16,False,4,512,2,10,20260716,b9766e5b953fd351056d6002d64b72ad0952ccfd6b9f4edf0912b81f8cd5fb54,512,128,128,structural agent-turn replay; Oracle-K is offline diagnosis only; no raw source text and no live latency.,Current,384,0.0234375,0.3625351113120301,173929.0,75625.0,3.0,3.0,2560
20260716_agenttrace_closed_loop_sketch_lfu_k32_rep2,agenttrace_admission_oracle_v4,trace_derived_simulation,86adc13cec5f5a186ade1082f0fb1da4944533a4,pagarsky/agent-trace: nl2bash_1_7B_20260403T211347Z,https://huggingface.co/datasets/pagarsky/agent-trace,Apache-2.0,250313ae096b0bb8c1986b6f571b68f4ff7617a12026db20214ad84188d12ae5,False,CPU-only; no live vLLM request,closed_loop,sketch,lfu,32,False,4,512,2,10,20260716,b9766e5b953fd351056d6002d64b72ad0952ccfd6b9f4edf0912b81f8cd5fb54,512,128,128,structural agent-turn replay; Oracle-K is offline diagnosis only; no raw source text and no live latency.,Current,384,0.0390625,0.36113365651418294,171882.0,73578.0,3.0,3.0,4608
20260716_agenttrace_closed_loop_sketch_lfu_k64_rep2,agenttrace_admission_oracle_v4,trace_derived_simulation,86adc13cec5f5a186ade1082f0fb1da4944533a4,pagarsky/agent-trace: nl2bash_1_7B_20260403T211347Z,https://huggingface.co/datasets/pagarsky/agent-trace,Apache-2.0,250313ae096b0bb8c1986b6f571b68f4ff7617a12026db20214ad84188d12ae5,False,CPU-only; no live vLLM request,closed_loop,sketch,lfu,64,False,4,512,2,10,20260716,b9766e5b953fd351056d6002d64b72ad0952ccfd6b9f4edf0912b81f8cd5fb54,512,128,128,structural agent-turn replay; Oracle-K is offline diagnosis only; no raw source text and no live latency.,Current,384,0.08072916666666667,0.378297179070903,198430.0,100126.0,3.0,3.0,8704
20260716_agenttrace_closed_loop_sketch_lfu_k128_rep2,agenttrace_admission_oracle_v4,trace_derived_simulation,86adc13cec5f5a186ade1082f0fb1da4944533a4,pagarsky/agent-trace: nl2bash_1_7B_20260403T211347Z,https://huggingface.co/datasets/pagarsky/agent-trace,Apache-2.0,250313ae096b0bb8c1986b6f571b68f4ff7617a12026db20214ad84188d12ae5,False,CPU-only; no live vLLM request,closed_loop,sketch,lfu,128,False,4,512,2,10,20260716,b9766e5b953fd351056d6002d64b72ad0952ccfd6b9f4edf0912b81f8cd5fb54,512,128,128,structural agent-turn replay; Oracle-K is offline diagnosis only; no raw source text and no live latency.,Current,384,0.14583333333333334,0.3971050784322868,226826.0,128522.0,3.0,3.0,16896
20260716_agenttrace_closed_loop_sketch_coverage_first_k2_rep2,agenttrace_admission_oracle_v4,trace_derived_simulation,86adc13cec5f5a186ade1082f0fb1da4944533a4,pagarsky/agent-trace: nl2bash_1_7B_20260403T211347Z,https://huggingface.co/datasets/pagarsky/agent-trace,Apache-2.0,250313ae096b0bb8c1986b6f571b68f4ff7617a12026db20214ad84188d12ae5,False,CPU-only; no live vLLM request,closed_loop,sketch,coverage_first,2,False,4,512,2,10,20260716,b9766e5b953fd351056d6002d64b72ad0952ccfd6b9f4edf0912b81f8cd5fb54,512,128,128,structural agent-turn replay; Oracle-K is offline diagnosis only; no raw source text and no live latency.,Current,384,0.0234375,0.3703634616778587,186200.0,87896.0,1.0,1.0,768
20260716_agenttrace_closed_loop_sketch_coverage_first_k4_rep2,agenttrace_admission_oracle_v4,trace_derived_simulation,86adc13cec5f5a186ade1082f0fb1da4944533a4,pagarsky/agent-trace: nl2bash_1_7B_20260403T211347Z,https://huggingface.co/datasets/pagarsky/agent-trace,Apache-2.0,250313ae096b0bb8c1986b6f571b68f4ff7617a12026db20214ad84188d12ae5,False,CPU-only; no live vLLM request,closed_loop,sketch,coverage_first,4,False,4,512,2,10,20260716,b9766e5b953fd351056d6002d64b72ad0952ccfd6b9f4edf0912b81f8cd5fb54,512,128,128,structural agent-turn replay; Oracle-K is offline diagnosis only; no raw source text and no live latency.,Current,384,0.033854166666666664,0.37618119130193123,195269.0,96965.0,1.0,1.0,1024
20260716_agenttrace_closed_loop_sketch_coverage_first_k8_rep2,agenttrace_admission_oracle_v4,trace_derived_simulation,86adc13cec5f5a186ade1082f0fb1da4944533a4,pagarsky/agent-trace: nl2bash_1_7B_20260403T211347Z,https://huggingface.co/datasets/pagarsky/agent-trace,Apache-2.0,250313ae096b0bb8c1986b6f571b68f4ff7617a12026db20214ad84188d12ae5,False,CPU-only; no live vLLM request,closed_loop,sketch,coverage_first,8,False,4,512,2,10,20260716,b9766e5b953fd351056d6002d64b72ad0952ccfd6b9f4edf0912b81f8cd5fb54,512,128,128,structural agent-turn replay; Oracle-K is offline diagnosis only; no raw source text and no live latency.,Current,384,0.0546875,0.3805515628025823,202143.0,103839.0,2.0,2.0,1536
20260716_agenttrace_closed_loop_sketch_coverage_first_k16_rep2,agenttrace_admission_oracle_v4,trace_derived_simulation,86adc13cec5f5a186ade1082f0fb1da4944533a4,pagarsky/agent-trace: nl2bash_1_7B_20260403T211347Z,https://huggingface.co/datasets/pagarsky/agent-trace,Apache-2.0,250313ae096b0bb8c1986b6f571b68f4ff7617a12026db20214ad84188d12ae5,False,CPU-only; no live vLLM request,closed_loop,sketch,coverage_first,16,False,4,512,2,10,20260716,b9766e5b953fd351056d6002d64b72ad0952ccfd6b9f4edf0912b81f8cd5fb54,512,128,128,structural agent-turn replay; Oracle-K is offline diagnosis only; no raw source text and no live latency.,Current,384,0.09375,0.39091869520955075,218289.0,119985.0,2.0,2.0,2560
20260716_agenttrace_closed_loop_sketch_coverage_first_k32_rep2,agenttrace_admission_oracle_v4,trace_derived_simulation,86adc13cec5f5a186ade1082f0fb1da4944533a4,pagarsky/agent-trace: nl2bash_1_7B_20260403T211347Z,https://huggingface.co/datasets/pagarsky/agent-trace,Apache-2.0,250313ae096b0bb8c1986b6f571b68f4ff7617a12026db20214ad84188d12ae5,False,CPU-only; no live vLLM request,closed_loop,sketch,coverage_first,32,False,4,512,2,10,20260716,b9766e5b953fd351056d6002d64b72ad0952ccfd6b9f4edf0912b81f8cd5fb54,512,128,128,structural agent-turn replay; Oracle-K is offline diagnosis only; no raw source text and no live latency.,Current,384,0.13541666666666666,0.3961105794324687,225426.0,127122.0,2.0,2.0,4608
20260716_agenttrace_closed_loop_sketch_coverage_first_k64_rep2,agenttrace_admission_oracle_v4,trace_derived_simulation,86adc13cec5f5a186ade1082f0fb1da4944533a4,pagarsky/agent-trace: nl2bash_1_7B_20260403T211347Z,https://huggingface.co/datasets/pagarsky/agent-trace,Apache-2.0,250313ae096b0bb8c1986b6f571b68f4ff7617a12026db20214ad84188d12ae5,False,CPU-only; no live vLLM request,closed_loop,sketch,coverage_first,64,False,4,512,2,10,20260716,b9766e5b953fd351056d6002d64b72ad0952ccfd6b9f4edf0912b81f8cd5fb54,512,128,128,structural agent-turn replay; Oracle-K is offline diagnosis only; no raw source text and no live latency.,Current,384,0.14583333333333334,0.3971050784322868,226826.0,128522.0,2.0,2.0,8704
20260716_agenttrace_closed_loop_sketch_coverage_first_k128_rep2,agenttrace_admission_oracle_v4,trace_derived_simulation,86adc13cec5f5a186ade1082f0fb1da4944533a4,pagarsky/agent-trace: nl2bash_1_7B_20260403T211347Z,https://huggingface.co/datasets/pagarsky/agent-trace,Apache-2.0,250313ae096b0bb8c1986b6f571b68f4ff7617a12026db20214ad84188d12ae5,False,CPU-only; no live vLLM request,closed_loop,sketch,coverage_first,128,False,4,512,2,10,20260716,b9766e5b953fd351056d6002d64b72ad0952ccfd6b9f4edf0912b81f8cd5fb54,512,128,128,structural agent-turn replay; Oracle-K is offline diagnosis only; no raw source text and no live latency.,Current,384,0.14583333333333334,0.3971050784322868,226826.0,128522.0,3.0,3.0,16896
20260716_agenttrace_closed_loop_sketch_saved_prefill_first_k2_rep2,agenttrace_admission_oracle_v4,trace_derived_simulation,86adc13cec5f5a186ade1082f0fb1da4944533a4,pagarsky/agent-trace: nl2bash_1_7B_20260403T211347Z,https://huggingface.co/datasets/pagarsky/agent-trace,Apache-2.0,250313ae096b0bb8c1986b6f571b68f4ff7617a12026db20214ad84188d12ae5,False,CPU-only; no live vLLM request,closed_loop,sketch,saved_prefill_first,2,False,4,512,2,10,20260716,b9766e5b953fd351056d6002d64b72ad0952ccfd6b9f4edf0912b81f8cd5fb54,512,128,128,structural agent-turn replay; Oracle-K is offline diagnosis only; no raw source text and no live latency.,Current,384,0.018229166666666668,0.36586911251607485,179131.0,80827.0,3.0,3.0,768
20260716_agenttrace_closed_loop_sketch_saved_prefill_first_k4_rep2,agenttrace_admission_oracle_v4,trace_derived_simulation,86adc13cec5f5a186ade1082f0fb1da4944533a4,pagarsky/agent-trace: nl2bash_1_7B_20260403T211347Z,https://huggingface.co/datasets/pagarsky/agent-trace,Apache-2.0,250313ae096b0bb8c1986b6f571b68f4ff7617a12026db20214ad84188d12ae5,False,CPU-only; no live vLLM request,closed_loop,sketch,saved_prefill_first,4,False,4,512,2,10,20260716,b9766e5b953fd351056d6002d64b72ad0952ccfd6b9f4edf0912b81f8cd5fb54,512,128,128,structural agent-turn replay; Oracle-K is offline diagnosis only; no raw source text and no live latency.,Current,384,0.0234375,0.36459849883773854,177051.0,78747.0,3.0,3.0,1024
20260716_agenttrace_closed_loop_sketch_saved_prefill_first_k8_rep2,agenttrace_admission_oracle_v4,trace_derived_simulation,86adc13cec5f5a186ade1082f0fb1da4944533a4,pagarsky/agent-trace: nl2bash_1_7B_20260403T211347Z,https://huggingface.co/datasets/pagarsky/agent-trace,Apache-2.0,250313ae096b0bb8c1986b6f571b68f4ff7617a12026db20214ad84188d12ae5,False,CPU-only; no live vLLM request,closed_loop,sketch,saved_prefill_first,8,False,4,512,2,10,20260716,b9766e5b953fd351056d6002d64b72ad0952ccfd6b9f4edf0912b81f8cd5fb54,512,128,128,structural agent-turn replay; Oracle-K is offline diagnosis only; no raw source text and no live latency.,Current,384,0.033854166666666664,0.3644198880552432,176812.0,78508.0,3.0,3.0,1536
20260716_agenttrace_closed_loop_sketch_saved_prefill_first_k16_rep2,agenttrace_admission_oracle_v4,trace_derived_simulation,86adc13cec5f5a186ade1082f0fb1da4944533a4,pagarsky/agent-trace: nl2bash_1_7B_20260403T211347Z,https://huggingface.co/datasets/pagarsky/agent-trace,Apache-2.0,250313ae096b0bb8c1986b6f571b68f4ff7617a12026db20214ad84188d12ae5,False,CPU-only; no live vLLM request,closed_loop,sketch,saved_prefill_first,16,False,4,512,2,10,20260716,b9766e5b953fd351056d6002d64b72ad0952ccfd6b9f4edf0912b81f8cd5fb54,512,128,128,structural agent-turn replay; Oracle-K is offline diagnosis only; no raw source text and no live latency.,Current,384,0.046875,0.36776024708806404,182024.0,83720.0,3.0,3.0,2560
20260716_agenttrace_closed_loop_sketch_saved_prefill_first_k32_rep2,agenttrace_admission_oracle_v4,trace_derived_simulation,86adc13cec5f5a186ade1082f0fb1da4944533a4,pagarsky/agent-trace: nl2bash_1_7B_20260403T211347Z,https://huggingface.co/datasets/pagarsky/agent-trace,Apache-2.0,250313ae096b0bb8c1986b6f571b68f4ff7617a12026db20214ad84188d12ae5,False,CPU-only; no live vLLM request,closed_loop,sketch,saved_prefill_first,32,False,4,512,2,10,20260716,b9766e5b953fd351056d6002d64b72ad0952ccfd6b9f4edf0912b81f8cd5fb54,512,128,128,structural agent-turn replay; Oracle-K is offline diagnosis only; no raw source text and no live latency.,Current,384,0.057291666666666664,0.3699268227519447,185245.0,86941.0,3.0,3.0,4608
20260716_agenttrace_closed_loop_sketch_saved_prefill_first_k64_rep2,agenttrace_admission_oracle_v4,trace_derived_simulation,86adc13cec5f5a186ade1082f0fb1da4944533a4,pagarsky/agent-trace: nl2bash_1_7B_20260403T211347Z,https://huggingface.co/datasets/pagarsky/agent-trace,Apache-2.0,250313ae096b0bb8c1986b6f571b68f4ff7617a12026db20214ad84188d12ae5,False,CPU-only; no live vLLM request,closed_loop,sketch,saved_prefill_first,64,False,4,512,2,10,20260716,b9766e5b953fd351056d6002d64b72ad0952ccfd6b9f4edf0912b81f8cd5fb54,512,128,128,structural agent-turn replay; Oracle-K is offline diagnosis only; no raw source text and no live latency.,Current,384,0.125,0.3949363455749941,223793.0,125489.0,3.0,3.0,8704
20260716_agenttrace_closed_loop_sketch_saved_prefill_first_k128_rep2,agenttrace_admission_oracle_v4,trace_derived_simulation,86adc13cec5f5a186ade1082f0fb1da4944533a4,pagarsky/agent-trace: nl2bash_1_7B_20260403T211347Z,https://huggingface.co/datasets/pagarsky/agent-trace,Apache-2.0,250313ae096b0bb8c1986b6f571b68f4ff7617a12026db20214ad84188d12ae5,False,CPU-only; no live vLLM request,closed_loop,sketch,saved_prefill_first,128,False,4,512,2,10,20260716,b9766e5b953fd351056d6002d64b72ad0952ccfd6b9f4edf0912b81f8cd5fb54,512,128,128,structural agent-turn replay; Oracle-K is offline diagnosis only; no raw source text and no live latency.,Current,384,0.14583333333333334,0.3971050784322868,226826.0,128522.0,3.0,3.0,16896
20260716_agenttrace_closed_loop_sketch_reuse_distance_k2_rep2,agenttrace_admission_oracle_v4,trace_derived_simulation,86adc13cec5f5a186ade1082f0fb1da4944533a4,pagarsky/agent-trace: nl2bash_1_7B_20260403T211347Z,https://huggingface.co/datasets/pagarsky/agent-trace,Apache-2.0,250313ae096b0bb8c1986b6f571b68f4ff7617a12026db20214ad84188d12ae5,False,CPU-only; no live vLLM request,closed_loop,sketch,reuse_distance,2,False,4,512,2,10,20260716,b9766e5b953fd351056d6002d64b72ad0952ccfd6b9f4edf0912b81f8cd5fb54,512,128,128,structural agent-turn replay; Oracle-K is offline diagnosis only; no raw source text and no live latency.,Current,384,0.0234375,0.3651929558282984,177986.0,79682.0,1.0,1.0,768
20260716_agenttrace_closed_loop_sketch_reuse_distance_k4_rep2,agenttrace_admission_oracle_v4,trace_derived_simulation,86adc13cec5f5a186ade1082f0fb1da4944533a4,pagarsky/agent-trace: nl2bash_1_7B_20260403T211347Z,https://huggingface.co/datasets/pagarsky/agent-trace,Apache-2.0,250313ae096b0bb8c1986b6f571b68f4ff7617a12026db20214ad84188d12ae5,False,CPU-only; no live vLLM request,closed_loop,sketch,reuse_distance,4,False,4,512,2,10,20260716,b9766e5b953fd351056d6002d64b72ad0952ccfd6b9f4edf0912b81f8cd5fb54,512,128,128,structural agent-turn replay; Oracle-K is offline diagnosis only; no raw source text and no live latency.,Current,384,0.0234375,0.3651929558282984,177986.0,79682.0,1.0,1.0,1024
20260716_agenttrace_closed_loop_sketch_reuse_distance_k8_rep2,agenttrace_admission_oracle_v4,trace_derived_simulation,86adc13cec5f5a186ade1082f0fb1da4944533a4,pagarsky/agent-trace: nl2bash_1_7B_20260403T211347Z,https://huggingface.co/datasets/pagarsky/agent-trace,Apache-2.0,250313ae096b0bb8c1986b6f571b68f4ff7617a12026db20214ad84188d12ae5,False,CPU-only; no live vLLM request,closed_loop,sketch,reuse_distance,8,False,4,512,2,10,20260716,b9766e5b953fd351056d6002d64b72ad0952ccfd6b9f4edf0912b81f8cd5fb54,512,128,128,structural agent-turn replay; Oracle-K is offline diagnosis only; no raw source text and no live latency.,Current,384,0.036458333333333336,0.36795670399724373,182333.0,84029.0,2.0,2.0,1536
20260716_agenttrace_closed_loop_sketch_reuse_distance_k16_rep2,agenttrace_admission_oracle_v4,trace_derived_simulation,86adc13cec5f5a186ade1082f0fb1da4944533a4,pagarsky/agent-trace: nl2bash_1_7B_20260403T211347Z,https://huggingface.co/datasets/pagarsky/agent-trace,Apache-2.0,250313ae096b0bb8c1986b6f571b68f4ff7617a12026db20214ad84188d12ae5,False,CPU-only; no live vLLM request,closed_loop,sketch,reuse_distance,16,False,4,512,2,10,20260716,b9766e5b953fd351056d6002d64b72ad0952ccfd6b9f4edf0912b81f8cd5fb54,512,128,128,structural agent-turn replay; Oracle-K is offline diagnosis only; no raw source text and no live latency.,Current,384,0.052083333333333336,0.36976787703254366,184995.0,86691.0,3.0,3.0,2560
20260716_agenttrace_closed_loop_sketch_reuse_distance_k32_rep2,agenttrace_admission_oracle_v4,trace_derived_simulation,86adc13cec5f5a186ade1082f0fb1da4944533a4,pagarsky/agent-trace: nl2bash_1_7B_20260403T211347Z,https://huggingface.co/datasets/pagarsky/agent-trace,Apache-2.0,250313ae096b0bb8c1986b6f571b68f4ff7617a12026db20214ad84188d12ae5,False,CPU-only; no live vLLM request,closed_loop,sketch,reuse_distance,32,False,4,512,2,10,20260716,b9766e5b953fd351056d6002d64b72ad0952ccfd6b9f4edf0912b81f8cd5fb54,512,128,128,structural agent-turn replay; Oracle-K is offline diagnosis only; no raw source text and no live latency.,Current,384,0.0546875,0.3707622414531166,186559.0,88255.0,3.0,3.0,4608
20260716_agenttrace_closed_loop_sketch_reuse_distance_k64_rep2,agenttrace_admission_oracle_v4,trace_derived_simulation,86adc13cec5f5a186ade1082f0fb1da4944533a4,pagarsky/agent-trace: nl2bash_1_7B_20260403T211347Z,https://huggingface.co/datasets/pagarsky/agent-trace,Apache-2.0,250313ae096b0bb8c1986b6f571b68f4ff7617a12026db20214ad84188d12ae5,False,CPU-only; no live vLLM request,closed_loop,sketch,reuse_distance,64,False,4,512,2,10,20260716,b9766e5b953fd351056d6002d64b72ad0952ccfd6b9f4edf0912b81f8cd5fb54,512,128,128,structural agent-turn replay; Oracle-K is offline diagnosis only; no raw source text and no live latency.,Current,384,0.125,0.3949363455749941,223793.0,125489.0,3.0,3.0,8704
20260716_agenttrace_closed_loop_sketch_reuse_distance_k128_rep2,agenttrace_admission_oracle_v4,trace_derived_simulation,86adc13cec5f5a186ade1082f0fb1da4944533a4,pagarsky/agent-trace: nl2bash_1_7B_20260403T211347Z,https://huggingface.co/datasets/pagarsky/agent-trace,Apache-2.0,250313ae096b0bb8c1986b6f571b68f4ff7617a12026db20214ad84188d12ae5,False,CPU-only; no live vLLM request,closed_loop,sketch,reuse_distance,128,False,4,512,2,10,20260716,b9766e5b953fd351056d6002d64b72ad0952ccfd6b9f4edf0912b81f8cd5fb54,512,128,128,structural agent-turn replay; Oracle-K is offline diagnosis only; no raw source text and no live latency.,Current,384,0.14583333333333334,0.3971050784322868,226826.0,128522.0,3.0,3.0,16896
20260716_agenttrace_closed_loop_sketch_oracle_future_value_k2_rep2,agenttrace_admission_oracle_v4,trace_derived_simulation,86adc13cec5f5a186ade1082f0fb1da4944533a4,pagarsky/agent-trace: nl2bash_1_7B_20260403T211347Z,https://huggingface.co/datasets/pagarsky/agent-trace,Apache-2.0,250313ae096b0bb8c1986b6f571b68f4ff7617a12026db20214ad84188d12ae5,False,CPU-only; no live vLLM request,closed_loop,sketch,oracle_future_value,2,True,4,512,2,10,20260716,b9766e5b953fd351056d6002d64b72ad0952ccfd6b9f4edf0912b81f8cd5fb54,512,128,128,structural agent-turn replay; Oracle-K is offline diagnosis only; no raw source text and no live latency.,UpperBoundOnly,384,0.06510416666666667,0.38927221310128257,215569.0,117265.0,2.0,2.0,768
20260716_agenttrace_closed_loop_sketch_oracle_future_value_k4_rep2,agenttrace_admission_oracle_v4,trace_derived_simulation,86adc13cec5f5a186ade1082f0fb1da4944533a4,pagarsky/agent-trace: nl2bash_1_7B_20260403T211347Z,https://huggingface.co/datasets/pagarsky/agent-trace,Apache-2.0,250313ae096b0bb8c1986b6f571b68f4ff7617a12026db20214ad84188d12ae5,False,CPU-only; no live vLLM request,closed_loop,sketch,oracle_future_value,4,True,4,512,2,10,20260716,b9766e5b953fd351056d6002d64b72ad0952ccfd6b9f4edf0912b81f8cd5fb54,512,128,128,structural agent-turn replay; Oracle-K is offline diagnosis only; no raw source text and no live latency.,UpperBoundOnly,384,0.08333333333333333,0.3912806128112021,218645.0,120341.0,2.0,2.0,1024
20260716_agenttrace_closed_loop_sketch_oracle_future_value_k8_rep2,agenttrace_admission_oracle_v4,trace_derived_simulation,86adc13cec5f5a186ade1082f0fb1da4944533a4,pagarsky/agent-trace: nl2bash_1_7B_20260403T211347Z,https://huggingface.co/datasets/pagarsky/agent-trace,Apache-2.0,250313ae096b0bb8c1986b6f571b68f4ff7617a12026db20214ad84188d12ae5,False,CPU-only; no live vLLM request,closed_loop,sketch,oracle_future_value,8,True,4,512,2,10,20260716,b9766e5b953fd351056d6002d64b72ad0952ccfd6b9f4edf0912b81f8cd5fb54,512,128,128,structural agent-turn replay; Oracle-K is offline diagnosis only; no raw source text and no live latency.,UpperBoundOnly,384,0.109375,0.39565789541515506,224945.0,126641.0,2.0,2.0,1536
20260716_agenttrace_closed_loop_sketch_oracle_future_value_k16_rep2,agenttrace_admission_oracle_v4,trace_derived_simulation,86adc13cec5f5a186ade1082f0fb1da4944533a4,pagarsky/agent-trace: nl2bash_1_7B_20260403T211347Z,https://huggingface.co/datasets/pagarsky/agent-trace,Apache-2.0,250313ae096b0bb8c1986b6f571b68f4ff7617a12026db20214ad84188d12ae5,False,CPU-only; no live vLLM request,closed_loop,sketch,oracle_future_value,16,True,4,512,2,10,20260716,b9766e5b953fd351056d6002d64b72ad0952ccfd6b9f4edf0912b81f8cd5fb54,512,128,128,structural agent-turn replay; Oracle-K is offline diagnosis only; no raw source text and no live latency.,UpperBoundOnly,384,0.14322916666666666,0.3971050784322868,226826.0,128522.0,2.0,2.0,2560
20260716_agenttrace_closed_loop_sketch_oracle_future_value_k32_rep2,agenttrace_admission_oracle_v4,trace_derived_simulation,86adc13cec5f5a186ade1082f0fb1da4944533a4,pagarsky/agent-trace: nl2bash_1_7B_20260403T211347Z,https://huggingface.co/datasets/pagarsky/agent-trace,Apache-2.0,250313ae096b0bb8c1986b6f571b68f4ff7617a12026db20214ad84188d12ae5,False,CPU-only; no live vLLM request,closed_loop,sketch,oracle_future_value,32,True,4,512,2,10,20260716,b9766e5b953fd351056d6002d64b72ad0952ccfd6b9f4edf0912b81f8cd5fb54,512,128,128,structural agent-turn replay; Oracle-K is offline diagnosis only; no raw source text and no live latency.,UpperBoundOnly,384,0.14583333333333334,0.3971050784322868,226826.0,128522.0,2.0,2.0,4608
20260716_agenttrace_closed_loop_sketch_oracle_future_value_k64_rep2,agenttrace_admission_oracle_v4,trace_derived_simulation,86adc13cec5f5a186ade1082f0fb1da4944533a4,pagarsky/agent-trace: nl2bash_1_7B_20260403T211347Z,https://huggingface.co/datasets/pagarsky/agent-trace,Apache-2.0,250313ae096b0bb8c1986b6f571b68f4ff7617a12026db20214ad84188d12ae5,False,CPU-only; no live vLLM request,closed_loop,sketch,oracle_future_value,64,True,4,512,2,10,20260716,b9766e5b953fd351056d6002d64b72ad0952ccfd6b9f4edf0912b81f8cd5fb54,512,128,128,structural agent-turn replay; Oracle-K is offline diagnosis only; no raw source text and no live latency.,UpperBoundOnly,384,0.14583333333333334,0.3971050784322868,226826.0,128522.0,3.0,3.0,8704
20260716_agenttrace_closed_loop_sketch_oracle_future_value_k128_rep2,agenttrace_admission_oracle_v4,trace_derived_simulation,86adc13cec5f5a186ade1082f0fb1da4944533a4,pagarsky/agent-trace: nl2bash_1_7B_20260403T211347Z,https://huggingface.co/datasets/pagarsky/agent-trace,Apache-2.0,250313ae096b0bb8c1986b6f571b68f4ff7617a12026db20214ad84188d12ae5,False,CPU-only; no live vLLM request,closed_loop,sketch,oracle_future_value,128,True,4,512,2,10,20260716,b9766e5b953fd351056d6002d64b72ad0952ccfd6b9f4edf0912b81f8cd5fb54,512,128,128,structural agent-turn replay; Oracle-K is offline diagnosis only; no raw source text and no live latency.,UpperBoundOnly,384,0.14583333333333334,0.3971050784322868,226826.0,128522.0,3.0,3.0,16896
20260716_agenttrace_frozen_load_only_kinf_rep3,agenttrace_admission_oracle_v4,trace_derived_simulation,86adc13cec5f5a186ade1082f0fb1da4944533a4,pagarsky/agent-trace: nl2bash_1_7B_20260403T211347Z,https://huggingface.co/datasets/pagarsky/agent-trace,Apache-2.0,250313ae096b0bb8c1986b6f571b68f4ff7617a12026db20214ad84188d12ae5,False,CPU-only; no live vLLM request,frozen,load_only,none,inf,False,4,512,3,10,20260716,b21b07dbbd3dfe45bbc8c04dc48b58a8c3f928f7611d506bddbe035ea605f00a,512,128,128,structural agent-turn replay; Oracle-K is offline diagnosis only; no raw source text and no live latency.,Current,384,0.0,0.32345738661246115,100637.0,2333.0,0.0,0.0,384
20260716_agenttrace_frozen_exact_kinf_rep3,agenttrace_admission_oracle_v4,trace_derived_simulation,86adc13cec5f5a186ade1082f0fb1da4944533a4,pagarsky/agent-trace: nl2bash_1_7B_20260403T211347Z,https://huggingface.co/datasets/pagarsky/agent-trace,Apache-2.0,250313ae096b0bb8c1986b6f571b68f4ff7617a12026db20214ad84188d12ae5,False,CPU-only; no live vLLM request,frozen,exact,exact,inf,False,4,512,3,10,20260716,b21b07dbbd3dfe45bbc8c04dc48b58a8c3f928f7611d506bddbe035ea605f00a,512,128,128,structural agent-turn replay; Oracle-K is offline diagnosis only; no raw source text and no live latency.,Current,384,1.0,0.33384039146478056,108932.0,10628.0,4.0,4.0,10368
20260716_agenttrace_frozen_sketch_lru_k2_rep3,agenttrace_admission_oracle_v4,trace_derived_simulation,86adc13cec5f5a186ade1082f0fb1da4944533a4,pagarsky/agent-trace: nl2bash_1_7B_20260403T211347Z,https://huggingface.co/datasets/pagarsky/agent-trace,Apache-2.0,250313ae096b0bb8c1986b6f571b68f4ff7617a12026db20214ad84188d12ae5,False,CPU-only; no live vLLM request,frozen,sketch,lru,2,False,4,512,3,10,20260716,b21b07dbbd3dfe45bbc8c04dc48b58a8c3f928f7611d506bddbe035ea605f00a,512,128,128,structural agent-turn replay; Oracle-K is offline diagnosis only; no raw source text and no live latency.,Current,384,0.0,0.3236069220596296,101109.0,2805.0,0.0,0.0,896
20260716_agenttrace_frozen_sketch_lru_k4_rep3,agenttrace_admission_oracle_v4,trace_derived_simulation,86adc13cec5f5a186ade1082f0fb1da4944533a4,pagarsky/agent-trace: nl2bash_1_7B_20260403T211347Z,https://huggingface.co/datasets/pagarsky/agent-trace,Apache-2.0,250313ae096b0bb8c1986b6f571b68f4ff7617a12026db20214ad84188d12ae5,False,CPU-only; no live vLLM request,frozen,sketch,lru,4,False,4,512,3,10,20260716,b21b07dbbd3dfe45bbc8c04dc48b58a8c3f928f7611d506bddbe035ea605f00a,512,128,128,structural agent-turn replay; Oracle-K is offline diagnosis only; no raw source text and no live latency.,Current,384,0.010416666666666666,0.3277848791185596,104578.0,6274.0,1.0,1.0,1408
20260716_agenttrace_frozen_sketch_lru_k8_rep3,agenttrace_admission_oracle_v4,trace_derived_simulation,86adc13cec5f5a186ade1082f0fb1da4944533a4,pagarsky/agent-trace: nl2bash_1_7B_20260403T211347Z,https://huggingface.co/datasets/pagarsky/agent-trace,Apache-2.0,250313ae096b0bb8c1986b6f571b68f4ff7617a12026db20214ad84188d12ae5,False,CPU-only; no live vLLM request,frozen,sketch,lru,8,False,4,512,3,10,20260716,b21b07dbbd3dfe45bbc8c04dc48b58a8c3f928f7611d506bddbe035ea605f00a,512,128,128,structural agent-turn replay; Oracle-K is offline diagnosis only; no raw source text and no live latency.,Current,384,0.010416666666666666,0.3267721302443494,103797.0,5493.0,1.0,1.0,2432
20260716_agenttrace_frozen_sketch_lru_k16_rep3,agenttrace_admission_oracle_v4,trace_derived_simulation,86adc13cec5f5a186ade1082f0fb1da4944533a4,pagarsky/agent-trace: nl2bash_1_7B_20260403T211347Z,https://huggingface.co/datasets/pagarsky/agent-trace,Apache-2.0,250313ae096b0bb8c1986b6f571b68f4ff7617a12026db20214ad84188d12ae5,False,CPU-only; no live vLLM request,frozen,sketch,lru,16,False,4,512,3,10,20260716,b21b07dbbd3dfe45bbc8c04dc48b58a8c3f928f7611d506bddbe035ea605f00a,512,128,128,structural agent-turn replay; Oracle-K is offline diagnosis only; no raw source text and no live latency.,Current,384,0.010416666666666666,0.3268953773915559,103754.0,5450.0,1.0,1.0,4480
20260716_agenttrace_frozen_sketch_lru_k32_rep3,agenttrace_admission_oracle_v4,trace_derived_simulation,86adc13cec5f5a186ade1082f0fb1da4944533a4,pagarsky/agent-trace: nl2bash_1_7B_20260403T211347Z,https://huggingface.co/datasets/pagarsky/agent-trace,Apache-2.0,250313ae096b0bb8c1986b6f571b68f4ff7617a12026db20214ad84188d12ae5,False,CPU-only; no live vLLM request,frozen,sketch,lru,32,False,4,512,3,10,20260716,b21b07dbbd3dfe45bbc8c04dc48b58a8c3f928f7611d506bddbe035ea605f00a,512,128,128,structural agent-turn replay; Oracle-K is offline diagnosis only; no raw source text and no live latency.,Current,384,0.010416666666666666,0.3264695993989351,103830.0,5526.0,2.0,2.0,8256
20260716_agenttrace_frozen_sketch_lru_k64_rep3,agenttrace_admission_oracle_v4,trace_derived_simulation,86adc13cec5f5a186ade1082f0fb1da4944533a4,pagarsky/agent-trace: nl2bash_1_7B_20260403T211347Z,https://huggingface.co/datasets/pagarsky/agent-trace,Apache-2.0,250313ae096b0bb8c1986b6f571b68f4ff7617a12026db20214ad84188d12ae5,False,CPU-only; no live vLLM request,frozen,sketch,lru,64,False,4,512,3,10,20260716,b21b07dbbd3dfe45bbc8c04dc48b58a8c3f928f7611d506bddbe035ea605f00a,512,128,128,structural agent-turn replay; Oracle-K is offline diagnosis only; no raw source text and no live latency.,Current,384,0.010416666666666666,0.3264695993989351,103830.0,5526.0,4.0,4.0,10368
20260716_agenttrace_frozen_sketch_lru_k128_rep3,agenttrace_admission_oracle_v4,trace_derived_simulation,86adc13cec5f5a186ade1082f0fb1da4944533a4,pagarsky/agent-trace: nl2bash_1_7B_20260403T211347Z,https://huggingface.co/datasets/pagarsky/agent-trace,Apache-2.0,250313ae096b0bb8c1986b6f571b68f4ff7617a12026db20214ad84188d12ae5,False,CPU-only; no live vLLM request,frozen,sketch,lru,128,False,4,512,3,10,20260716,b21b07dbbd3dfe45bbc8c04dc48b58a8c3f928f7611d506bddbe035ea605f00a,512,128,128,structural agent-turn replay; Oracle-K is offline diagnosis only; no raw source text and no live latency.,Current,384,0.010416666666666666,0.3264695993989351,103830.0,5526.0,4.0,4.0,10368
20260716_agenttrace_frozen_sketch_lfu_k2_rep3,agenttrace_admission_oracle_v4,trace_derived_simulation,86adc13cec5f5a186ade1082f0fb1da4944533a4,pagarsky/agent-trace: nl2bash_1_7B_20260403T211347Z,https://huggingface.co/datasets/pagarsky/agent-trace,Apache-2.0,250313ae096b0bb8c1986b6f571b68f4ff7617a12026db20214ad84188d12ae5,False,CPU-only; no live vLLM request,frozen,sketch,lfu,2,False,4,512,3,10,20260716,b21b07dbbd3dfe45bbc8c04dc48b58a8c3f928f7611d506bddbe035ea605f00a,512,128,128,structural agent-turn replay; Oracle-K is offline diagnosis only; no raw source text and no live latency.,Current,384,0.0,0.3226030582111973,100200.0,1896.0,4.0,4.0,896
20260716_agenttrace_frozen_sketch_lfu_k4_rep3,agenttrace_admission_oracle_v4,trace_derived_simulation,86adc13cec5f5a186ade1082f0fb1da4944533a4,pagarsky/agent-trace: nl2bash_1_7B_20260403T211347Z,https://huggingface.co/datasets/pagarsky/agent-trace,Apache-2.0,250313ae096b0bb8c1986b6f571b68f4ff7617a12026db20214ad84188d12ae5,False,CPU-only; no live vLLM request,frozen,sketch,lfu,4,False,4,512,3,10,20260716,b21b07dbbd3dfe45bbc8c04dc48b58a8c3f928f7611d506bddbe035ea605f00a,512,128,128,structural agent-turn replay; Oracle-K is offline diagnosis only; no raw source text and no live latency.,Current,384,0.0,0.3226030582111973,100200.0,1896.0,4.0,4.0,1408
20260716_agenttrace_frozen_sketch_lfu_k8_rep3,agenttrace_admission_oracle_v4,trace_derived_simulation,86adc13cec5f5a186ade1082f0fb1da4944533a4,pagarsky/agent-trace: nl2bash_1_7B_20260403T211347Z,https://huggingface.co/datasets/pagarsky/agent-trace,Apache-2.0,250313ae096b0bb8c1986b6f571b68f4ff7617a12026db20214ad84188d12ae5,False,CPU-only; no live vLLM request,frozen,sketch,lfu,8,False,4,512,3,10,20260716,b21b07dbbd3dfe45bbc8c04dc48b58a8c3f928f7611d506bddbe035ea605f00a,512,128,128,structural agent-turn replay; Oracle-K is offline diagnosis only; no raw source text and no live latency.,Current,384,0.0,0.3226030582111973,100200.0,1896.0,4.0,4.0,2432
20260716_agenttrace_frozen_sketch_lfu_k16_rep3,agenttrace_admission_oracle_v4,trace_derived_simulation,86adc13cec5f5a186ade1082f0fb1da4944533a4,pagarsky/agent-trace: nl2bash_1_7B_20260403T211347Z,https://huggingface.co/datasets/pagarsky/agent-trace,Apache-2.0,250313ae096b0bb8c1986b6f571b68f4ff7617a12026db20214ad84188d12ae5,False,CPU-only; no live vLLM request,frozen,sketch,lfu,16,False,4,512,3,10,20260716,b21b07dbbd3dfe45bbc8c04dc48b58a8c3f928f7611d506bddbe035ea605f00a,512,128,128,structural agent-turn replay; Oracle-K is offline diagnosis only; no raw source text and no live latency.,Current,384,0.0,0.3226030582111973,100200.0,1896.0,4.0,4.0,4480
20260716_agenttrace_frozen_sketch_lfu_k32_rep3,agenttrace_admission_oracle_v4,trace_derived_simulation,86adc13cec5f5a186ade1082f0fb1da4944533a4,pagarsky/agent-trace: nl2bash_1_7B_20260403T211347Z,https://huggingface.co/datasets/pagarsky/agent-trace,Apache-2.0,250313ae096b0bb8c1986b6f571b68f4ff7617a12026db20214ad84188d12ae5,False,CPU-only; no live vLLM request,frozen,sketch,lfu,32,False,4,512,3,10,20260716,b21b07dbbd3dfe45bbc8c04dc48b58a8c3f928f7611d506bddbe035ea605f00a,512,128,128,structural agent-turn replay; Oracle-K is offline diagnosis only; no raw source text and no live latency.,Current,384,0.010416666666666666,0.3264695993989351,103830.0,5526.0,4.0,4.0,8256
20260716_agenttrace_frozen_sketch_lfu_k64_rep3,agenttrace_admission_oracle_v4,trace_derived_simulation,86adc13cec5f5a186ade1082f0fb1da4944533a4,pagarsky/agent-trace: nl2bash_1_7B_20260403T211347Z,https://huggingface.co/datasets/pagarsky/agent-trace,Apache-2.0,250313ae096b0bb8c1986b6f571b68f4ff7617a12026db20214ad84188d12ae5,False,CPU-only; no live vLLM request,frozen,sketch,lfu,64,False,4,512,3,10,20260716,b21b07dbbd3dfe45bbc8c04dc48b58a8c3f928f7611d506bddbe035ea605f00a,512,128,128,structural agent-turn replay; Oracle-K is offline diagnosis only; no raw source text and no live latency.,Current,384,0.010416666666666666,0.3264695993989351,103830.0,5526.0,4.0,4.0,10368
20260716_agenttrace_frozen_sketch_lfu_k128_rep3,agenttrace_admission_oracle_v4,trace_derived_simulation,86adc13cec5f5a186ade1082f0fb1da4944533a4,pagarsky/agent-trace: nl2bash_1_7B_20260403T211347Z,https://huggingface.co/datasets/pagarsky/agent-trace,Apache-2.0,250313ae096b0bb8c1986b6f571b68f4ff7617a12026db20214ad84188d12ae5,False,CPU-only; no live vLLM request,frozen,sketch,lfu,128,False,4,512,3,10,20260716,b21b07dbbd3dfe45bbc8c04dc48b58a8c3f928f7611d506bddbe035ea605f00a,512,128,128,structural agent-turn replay; Oracle-K is offline diagnosis only; no raw source text and no live latency.,Current,384,0.010416666666666666,0.3264695993989351,103830.0,5526.0,4.0,4.0,10368
20260716_agenttrace_frozen_sketch_coverage_first_k2_rep3,agenttrace_admission_oracle_v4,trace_derived_simulation,86adc13cec5f5a186ade1082f0fb1da4944533a4,pagarsky/agent-trace: nl2bash_1_7B_20260403T211347Z,https://huggingface.co/datasets/pagarsky/agent-trace,Apache-2.0,250313ae096b0bb8c1986b6f571b68f4ff7617a12026db20214ad84188d12ae5,False,CPU-only; no live vLLM request,frozen,sketch,coverage_first,2,False,4,512,3,10,20260716,b21b07dbbd3dfe45bbc8c04dc48b58a8c3f928f7611d506bddbe035ea605f00a,512,128,128,structural agent-turn replay; Oracle-K is offline diagnosis only; no raw source text and no live latency.,Current,384,0.010416666666666666,0.32612897064977103,103338.0,5034.0,0.0,0.0,896
20260716_agenttrace_frozen_sketch_coverage_first_k4_rep3,agenttrace_admission_oracle_v4,trace_derived_simulation,86adc13cec5f5a186ade1082f0fb1da4944533a4,pagarsky/agent-trace: nl2bash_1_7B_20260403T211347Z,https://huggingface.co/datasets/pagarsky/agent-trace,Apache-2.0,250313ae096b0bb8c1986b6f571b68f4ff7617a12026db20214ad84188d12ae5,False,CPU-only; no live vLLM request,frozen,sketch,coverage_first,4,False,4,512,3,10,20260716,b21b07dbbd3dfe45bbc8c04dc48b58a8c3f928f7611d506bddbe035ea605f00a,512,128,128,structural agent-turn replay; Oracle-K is offline diagnosis only; no raw source text and no live latency.,Current,384,0.010416666666666666,0.3273458557773751,104055.0,5751.0,0.0,0.0,1408
20260716_agenttrace_frozen_sketch_coverage_first_k8_rep3,agenttrace_admission_oracle_v4,trace_derived_simulation,86adc13cec5f5a186ade1082f0fb1da4944533a4,pagarsky/agent-trace: nl2bash_1_7B_20260403T211347Z,https://huggingface.co/datasets/pagarsky/agent-trace,Apache-2.0,250313ae096b0bb8c1986b6f571b68f4ff7617a12026db20214ad84188d12ae5,False,CPU-only; no live vLLM request,frozen,sketch,coverage_first,8,False,4,512,3,10,20260716,b21b07dbbd3dfe45bbc8c04dc48b58a8c3f928f7611d506bddbe035ea605f00a,512,128,128,structural agent-turn replay; Oracle-K is offline diagnosis only; no raw source text and no live latency.,Current,384,0.010416666666666666,0.32687340474942844,103920.0,5616.0,1.0,1.0,2432
20260716_agenttrace_frozen_sketch_coverage_first_k16_rep3,agenttrace_admission_oracle_v4,trace_derived_simulation,86adc13cec5f5a186ade1082f0fb1da4944533a4,pagarsky/agent-trace: nl2bash_1_7B_20260403T211347Z,https://huggingface.co/datasets/pagarsky/agent-trace,Apache-2.0,250313ae096b0bb8c1986b6f571b68f4ff7617a12026db20214ad84188d12ae5,False,CPU-only; no live vLLM request,frozen,sketch,coverage_first,16,False,4,512,3,10,20260716,b21b07dbbd3dfe45bbc8c04dc48b58a8c3f928f7611d506bddbe035ea605f00a,512,128,128,structural agent-turn replay; Oracle-K is offline diagnosis only; no raw source text and no live latency.,Current,384,0.010416666666666666,0.32694025587005987,104029.0,5725.0,1.0,1.0,4480
20260716_agenttrace_frozen_sketch_coverage_first_k32_rep3,agenttrace_admission_oracle_v4,trace_derived_simulation,86adc13cec5f5a186ade1082f0fb1da4944533a4,pagarsky/agent-trace: nl2bash_1_7B_20260403T211347Z,https://huggingface.co/datasets/pagarsky/agent-trace,Apache-2.0,250313ae096b0bb8c1986b6f571b68f4ff7617a12026db20214ad84188d12ae5,False,CPU-only; no live vLLM request,frozen,sketch,coverage_first,32,False,4,512,3,10,20260716,b21b07dbbd3dfe45bbc8c04dc48b58a8c3f928f7611d506bddbe035ea605f00a,512,128,128,structural agent-turn replay; Oracle-K is offline diagnosis only; no raw source text and no live latency.,Current,384,0.010416666666666666,0.3264695993989351,103830.0,5526.0,2.0,2.0,8256
20260716_agenttrace_frozen_sketch_coverage_first_k64_rep3,agenttrace_admission_oracle_v4,trace_derived_simulation,86adc13cec5f5a186ade1082f0fb1da4944533a4,pagarsky/agent-trace: nl2bash_1_7B_20260403T211347Z,https://huggingface.co/datasets/pagarsky/agent-trace,Apache-2.0,250313ae096b0bb8c1986b6f571b68f4ff7617a12026db20214ad84188d12ae5,False,CPU-only; no live vLLM request,frozen,sketch,coverage_first,64,False,4,512,3,10,20260716,b21b07dbbd3dfe45bbc8c04dc48b58a8c3f928f7611d506bddbe035ea605f00a,512,128,128,structural agent-turn replay; Oracle-K is offline diagnosis only; no raw source text and no live latency.,Current,384,0.010416666666666666,0.3264695993989351,103830.0,5526.0,4.0,4.0,10368
20260716_agenttrace_frozen_sketch_coverage_first_k128_rep3,agenttrace_admission_oracle_v4,trace_derived_simulation,86adc13cec5f5a186ade1082f0fb1da4944533a4,pagarsky/agent-trace: nl2bash_1_7B_20260403T211347Z,https://huggingface.co/datasets/pagarsky/agent-trace,Apache-2.0,250313ae096b0bb8c1986b6f571b68f4ff7617a12026db20214ad84188d12ae5,False,CPU-only; no live vLLM request,frozen,sketch,coverage_first,128,False,4,512,3,10,20260716,b21b07dbbd3dfe45bbc8c04dc48b58a8c3f928f7611d506bddbe035ea605f00a,512,128,128,structural agent-turn replay; Oracle-K is offline diagnosis only; no raw source text and no live latency.,Current,384,0.010416666666666666,0.3264695993989351,103830.0,5526.0,4.0,4.0,10368
20260716_agenttrace_frozen_sketch_saved_prefill_first_k2_rep3,agenttrace_admission_oracle_v4,trace_derived_simulation,86adc13cec5f5a186ade1082f0fb1da4944533a4,pagarsky/agent-trace: nl2bash_1_7B_20260403T211347Z,https://huggingface.co/datasets/pagarsky/agent-trace,Apache-2.0,250313ae096b0bb8c1986b6f571b68f4ff7617a12026db20214ad84188d12ae5,False,CPU-only; no live vLLM request,frozen,sketch,saved_prefill_first,2,False,4,512,3,10,20260716,b21b07dbbd3dfe45bbc8c04dc48b58a8c3f928f7611d506bddbe035ea605f00a,512,128,128,structural agent-turn replay; Oracle-K is offline diagnosis only; no raw source text and no live latency.,Current,384,0.010416666666666666,0.3264695993989351,103830.0,5526.0,4.0,4.0,896
20260716_agenttrace_frozen_sketch_saved_prefill_first_k4_rep3,agenttrace_admission_oracle_v4,trace_derived_simulation,86adc13cec5f5a186ade1082f0fb1da4944533a4,pagarsky/agent-trace: nl2bash_1_7B_20260403T211347Z,https://huggingface.co/datasets/pagarsky/agent-trace,Apache-2.0,250313ae096b0bb8c1986b6f571b68f4ff7617a12026db20214ad84188d12ae5,False,CPU-only; no live vLLM request,frozen,sketch,saved_prefill_first,4,False,4,512,3,10,20260716,b21b07dbbd3dfe45bbc8c04dc48b58a8c3f928f7611d506bddbe035ea605f00a,512,128,128,structural agent-turn replay; Oracle-K is offline diagnosis only; no raw source text and no live latency.,Current,384,0.010416666666666666,0.3264695993989351,103830.0,5526.0,4.0,4.0,1408
20260716_agenttrace_frozen_sketch_saved_prefill_first_k8_rep3,agenttrace_admission_oracle_v4,trace_derived_simulation,86adc13cec5f5a186ade1082f0fb1da4944533a4,pagarsky/agent-trace: nl2bash_1_7B_20260403T211347Z,https://huggingface.co/datasets/pagarsky/agent-trace,Apache-2.0,250313ae096b0bb8c1986b6f571b68f4ff7617a12026db20214ad84188d12ae5,False,CPU-only; no live vLLM request,frozen,sketch,saved_prefill_first,8,False,4,512,3,10,20260716,b21b07dbbd3dfe45bbc8c04dc48b58a8c3f928f7611d506bddbe035ea605f00a,512,128,128,structural agent-turn replay; Oracle-K is offline diagnosis only; no raw source text and no live latency.,Current,384,0.010416666666666666,0.3264695993989351,103830.0,5526.0,4.0,4.0,2432
20260716_agenttrace_frozen_sketch_saved_prefill_first_k16_rep3,agenttrace_admission_oracle_v4,trace_derived_simulation,86adc13cec5f5a186ade1082f0fb1da4944533a4,pagarsky/agent-trace: nl2bash_1_7B_20260403T211347Z,https://huggingface.co/datasets/pagarsky/agent-trace,Apache-2.0,250313ae096b0bb8c1986b6f571b68f4ff7617a12026db20214ad84188d12ae5,False,CPU-only; no live vLLM request,frozen,sketch,saved_prefill_first,16,False,4,512,3,10,20260716,b21b07dbbd3dfe45bbc8c04dc48b58a8c3f928f7611d506bddbe035ea605f00a,512,128,128,structural agent-turn replay; Oracle-K is offline diagnosis only; no raw source text and no live latency.,Current,384,0.010416666666666666,0.3264695993989351,103830.0,5526.0,4.0,4.0,4480
20260716_agenttrace_frozen_sketch_saved_prefill_first_k32_rep3,agenttrace_admission_oracle_v4,trace_derived_simulation,86adc13cec5f5a186ade1082f0fb1da4944533a4,pagarsky/agent-trace: nl2bash_1_7B_20260403T211347Z,https://huggingface.co/datasets/pagarsky/agent-trace,Apache-2.0,250313ae096b0bb8c1986b6f571b68f4ff7617a12026db20214ad84188d12ae5,False,CPU-only; no live vLLM request,frozen,sketch,saved_prefill_first,32,False,4,512,3,10,20260716,b21b07dbbd3dfe45bbc8c04dc48b58a8c3f928f7611d506bddbe035ea605f00a,512,128,128,structural agent-turn replay; Oracle-K is offline diagnosis only; no raw source text and no live latency.,Current,384,0.010416666666666666,0.3264695993989351,103830.0,5526.0,4.0,4.0,8256
20260716_agenttrace_frozen_sketch_saved_prefill_first_k64_rep3,agenttrace_admission_oracle_v4,trace_derived_simulation,86adc13cec5f5a186ade1082f0fb1da4944533a4,pagarsky/agent-trace: nl2bash_1_7B_20260403T211347Z,https://huggingface.co/datasets/pagarsky/agent-trace,Apache-2.0,250313ae096b0bb8c1986b6f571b68f4ff7617a12026db20214ad84188d12ae5,False,CPU-only; no live vLLM request,frozen,sketch,saved_prefill_first,64,False,4,512,3,10,20260716,b21b07dbbd3dfe45bbc8c04dc48b58a8c3f928f7611d506bddbe035ea605f00a,512,128,128,structural agent-turn replay; Oracle-K is offline diagnosis only; no raw source text and no live latency.,Current,384,0.010416666666666666,0.3264695993989351,103830.0,5526.0,4.0,4.0,10368
20260716_agenttrace_frozen_sketch_saved_prefill_first_k128_rep3,agenttrace_admission_oracle_v4,trace_derived_simulation,86adc13cec5f5a186ade1082f0fb1da4944533a4,pagarsky/agent-trace: nl2bash_1_7B_20260403T211347Z,https://huggingface.co/datasets/pagarsky/agent-trace,Apache-2.0,250313ae096b0bb8c1986b6f571b68f4ff7617a12026db20214ad84188d12ae5,False,CPU-only; no live vLLM request,frozen,sketch,saved_prefill_first,128,False,4,512,3,10,20260716,b21b07dbbd3dfe45bbc8c04dc48b58a8c3f928f7611d506bddbe035ea605f00a,512,128,128,structural agent-turn replay; Oracle-K is offline diagnosis only; no raw source text and no live latency.,Current,384,0.010416666666666666,0.3264695993989351,103830.0,5526.0,4.0,4.0,10368
20260716_agenttrace_frozen_sketch_reuse_distance_k2_rep3,agenttrace_admission_oracle_v4,trace_derived_simulation,86adc13cec5f5a186ade1082f0fb1da4944533a4,pagarsky/agent-trace: nl2bash_1_7B_20260403T211347Z,https://huggingface.co/datasets/pagarsky/agent-trace,Apache-2.0,250313ae096b0bb8c1986b6f571b68f4ff7617a12026db20214ad84188d12ae5,False,CPU-only; no live vLLM request,frozen,sketch,reuse_distance,2,False,4,512,3,10,20260716,b21b07dbbd3dfe45bbc8c04dc48b58a8c3f928f7611d506bddbe035ea605f00a,512,128,128,structural agent-turn replay; Oracle-K is offline diagnosis only; no raw source text and no live latency.,Current,384,0.010416666666666666,0.32612897064977103,103338.0,5034.0,0.0,0.0,896
20260716_agenttrace_frozen_sketch_reuse_distance_k4_rep3,agenttrace_admission_oracle_v4,trace_derived_simulation,86adc13cec5f5a186ade1082f0fb1da4944533a4,pagarsky/agent-trace: nl2bash_1_7B_20260403T211347Z,https://huggingface.co/datasets/pagarsky/agent-trace,Apache-2.0,250313ae096b0bb8c1986b6f571b68f4ff7617a12026db20214ad84188d12ae5,False,CPU-only; no live vLLM request,frozen,sketch,reuse_distance,4,False,4,512,3,10,20260716,b21b07dbbd3dfe45bbc8c04dc48b58a8c3f928f7611d506bddbe035ea605f00a,512,128,128,structural agent-turn replay; Oracle-K is offline diagnosis only; no raw source text and no live latency.,Current,384,0.010416666666666666,0.3273458557773751,104055.0,5751.0,0.0,0.0,1408
20260716_agenttrace_frozen_sketch_reuse_distance_k8_rep3,agenttrace_admission_oracle_v4,trace_derived_simulation,86adc13cec5f5a186ade1082f0fb1da4944533a4,pagarsky/agent-trace: nl2bash_1_7B_20260403T211347Z,https://huggingface.co/datasets/pagarsky/agent-trace,Apache-2.0,250313ae096b0bb8c1986b6f571b68f4ff7617a12026db20214ad84188d12ae5,False,CPU-only; no live vLLM request,frozen,sketch,reuse_distance,8,False,4,512,3,10,20260716,b21b07dbbd3dfe45bbc8c04dc48b58a8c3f928f7611d506bddbe035ea605f00a,512,128,128,structural agent-turn replay; Oracle-K is offline diagnosis only; no raw source text and no live latency.,Current,384,0.010416666666666666,0.3271970574421457,104013.0,5709.0,1.0,1.0,2432
20260716_agenttrace_frozen_sketch_reuse_distance_k16_rep3,agenttrace_admission_oracle_v4,trace_derived_simulation,86adc13cec5f5a186ade1082f0fb1da4944533a4,pagarsky/agent-trace: nl2bash_1_7B_20260403T211347Z,https://huggingface.co/datasets/pagarsky/agent-trace,Apache-2.0,250313ae096b0bb8c1986b6f571b68f4ff7617a12026db20214ad84188d12ae5,False,CPU-only; no live vLLM request,frozen,sketch,reuse_distance,16,False,4,512,3,10,20260716,b21b07dbbd3dfe45bbc8c04dc48b58a8c3f928f7611d506bddbe035ea605f00a,512,128,128,structural agent-turn replay; Oracle-K is offline diagnosis only; no raw source text and no live latency.,Current,384,0.010416666666666666,0.32645990291713317,103573.0,5269.0,1.0,1.0,4480
20260716_agenttrace_frozen_sketch_reuse_distance_k32_rep3,agenttrace_admission_oracle_v4,trace_derived_simulation,86adc13cec5f5a186ade1082f0fb1da4944533a4,pagarsky/agent-trace: nl2bash_1_7B_20260403T211347Z,https://huggingface.co/datasets/pagarsky/agent-trace,Apache-2.0,250313ae096b0bb8c1986b6f571b68f4ff7617a12026db20214ad84188d12ae5,False,CPU-only; no live vLLM request,frozen,sketch,reuse_distance,32,False,4,512,3,10,20260716,b21b07dbbd3dfe45bbc8c04dc48b58a8c3f928f7611d506bddbe035ea605f00a,512,128,128,structural agent-turn replay; Oracle-K is offline diagnosis only; no raw source text and no live latency.,Current,384,0.010416666666666666,0.3264695993989351,103830.0,5526.0,2.0,2.0,8256
20260716_agenttrace_frozen_sketch_reuse_distance_k64_rep3,agenttrace_admission_oracle_v4,trace_derived_simulation,86adc13cec5f5a186ade1082f0fb1da4944533a4,pagarsky/agent-trace: nl2bash_1_7B_20260403T211347Z,https://huggingface.co/datasets/pagarsky/agent-trace,Apache-2.0,250313ae096b0bb8c1986b6f571b68f4ff7617a12026db20214ad84188d12ae5,False,CPU-only; no live vLLM request,frozen,sketch,reuse_distance,64,False,4,512,3,10,20260716,b21b07dbbd3dfe45bbc8c04dc48b58a8c3f928f7611d506bddbe035ea605f00a,512,128,128,structural agent-turn replay; Oracle-K is offline diagnosis only; no raw source text and no live latency.,Current,384,0.010416666666666666,0.3264695993989351,103830.0,5526.0,4.0,4.0,10368
20260716_agenttrace_frozen_sketch_reuse_distance_k128_rep3,agenttrace_admission_oracle_v4,trace_derived_simulation,86adc13cec5f5a186ade1082f0fb1da4944533a4,pagarsky/agent-trace: nl2bash_1_7B_20260403T211347Z,https://huggingface.co/datasets/pagarsky/agent-trace,Apache-2.0,250313ae096b0bb8c1986b6f571b68f4ff7617a12026db20214ad84188d12ae5,False,CPU-only; no live vLLM request,frozen,sketch,reuse_distance,128,False,4,512,3,10,20260716,b21b07dbbd3dfe45bbc8c04dc48b58a8c3f928f7611d506bddbe035ea605f00a,512,128,128,structural agent-turn replay; Oracle-K is offline diagnosis only; no raw source text and no live latency.,Current,384,0.010416666666666666,0.3264695993989351,103830.0,5526.0,4.0,4.0,10368
20260716_agenttrace_frozen_sketch_oracle_future_value_k2_rep3,agenttrace_admission_oracle_v4,trace_derived_simulation,86adc13cec5f5a186ade1082f0fb1da4944533a4,pagarsky/agent-trace: nl2bash_1_7B_20260403T211347Z,https://huggingface.co/datasets/pagarsky/agent-trace,Apache-2.0,250313ae096b0bb8c1986b6f571b68f4ff7617a12026db20214ad84188d12ae5,False,CPU-only; no live vLLM request,frozen,sketch,oracle_future_value,2,True,4,512,3,10,20260716,b21b07dbbd3dfe45bbc8c04dc48b58a8c3f928f7611d506bddbe035ea605f00a,512,128,128,structural agent-turn replay; Oracle-K is offline diagnosis only; no raw source text and no live latency.,UpperBoundOnly,384,0.010416666666666666,0.32632109262303377,103441.0,5137.0,1.0,1.0,896
20260716_agenttrace_frozen_sketch_oracle_future_value_k4_rep3,agenttrace_admission_oracle_v4,trace_derived_simulation,86adc13cec5f5a186ade1082f0fb1da4944533a4,pagarsky/agent-trace: nl2bash_1_7B_20260403T211347Z,https://huggingface.co/datasets/pagarsky/agent-trace,Apache-2.0,250313ae096b0bb8c1986b6f571b68f4ff7617a12026db20214ad84188d12ae5,False,CPU-only; no live vLLM request,frozen,sketch,oracle_future_value,4,True,4,512,3,10,20260716,b21b07dbbd3dfe45bbc8c04dc48b58a8c3f928f7611d506bddbe035ea605f00a,512,128,128,structural agent-turn replay; Oracle-K is offline diagnosis only; no raw source text and no live latency.,UpperBoundOnly,384,0.010416666666666666,0.3274487779337425,104193.0,5889.0,1.0,1.0,1408
20260716_agenttrace_frozen_sketch_oracle_future_value_k8_rep3,agenttrace_admission_oracle_v4,trace_derived_simulation,86adc13cec5f5a186ade1082f0fb1da4944533a4,pagarsky/agent-trace: nl2bash_1_7B_20260403T211347Z,https://huggingface.co/datasets/pagarsky/agent-trace,Apache-2.0,250313ae096b0bb8c1986b6f571b68f4ff7617a12026db20214ad84188d12ae5,False,CPU-only; no live vLLM request,frozen,sketch,oracle_future_value,8,True,4,512,3,10,20260716,b21b07dbbd3dfe45bbc8c04dc48b58a8c3f928f7611d506bddbe035ea605f00a,512,128,128,structural agent-turn replay; Oracle-K is offline diagnosis only; no raw source text and no live latency.,UpperBoundOnly,384,0.010416666666666666,0.32677457863307086,103932.0,5628.0,1.0,1.0,2432
20260716_agenttrace_frozen_sketch_oracle_future_value_k16_rep3,agenttrace_admission_oracle_v4,trace_derived_simulation,86adc13cec5f5a186ade1082f0fb1da4944533a4,pagarsky/agent-trace: nl2bash_1_7B_20260403T211347Z,https://huggingface.co/datasets/pagarsky/agent-trace,Apache-2.0,250313ae096b0bb8c1986b6f571b68f4ff7617a12026db20214ad84188d12ae5,False,CPU-only; no live vLLM request,frozen,sketch,oracle_future_value,16,True,4,512,3,10,20260716,b21b07dbbd3dfe45bbc8c04dc48b58a8c3f928f7611d506bddbe035ea605f00a,512,128,128,structural agent-turn replay; Oracle-K is offline diagnosis only; no raw source text and no live latency.,UpperBoundOnly,384,0.010416666666666666,0.3268208391016955,103944.0,5640.0,1.0,1.0,4480
20260716_agenttrace_frozen_sketch_oracle_future_value_k32_rep3,agenttrace_admission_oracle_v4,trace_derived_simulation,86adc13cec5f5a186ade1082f0fb1da4944533a4,pagarsky/agent-trace: nl2bash_1_7B_20260403T211347Z,https://huggingface.co/datasets/pagarsky/agent-trace,Apache-2.0,250313ae096b0bb8c1986b6f571b68f4ff7617a12026db20214ad84188d12ae5,False,CPU-only; no live vLLM request,frozen,sketch,oracle_future_value,32,True,4,512,3,10,20260716,b21b07dbbd3dfe45bbc8c04dc48b58a8c3f928f7611d506bddbe035ea605f00a,512,128,128,structural agent-turn replay; Oracle-K is offline diagnosis only; no raw source text and no live latency.,UpperBoundOnly,384,0.010416666666666666,0.3264695993989351,103830.0,5526.0,2.0,2.0,8256
20260716_agenttrace_frozen_sketch_oracle_future_value_k64_rep3,agenttrace_admission_oracle_v4,trace_derived_simulation,86adc13cec5f5a186ade1082f0fb1da4944533a4,pagarsky/agent-trace: nl2bash_1_7B_20260403T211347Z,https://huggingface.co/datasets/pagarsky/agent-trace,Apache-2.0,250313ae096b0bb8c1986b6f571b68f4ff7617a12026db20214ad84188d12ae5,False,CPU-only; no live vLLM request,frozen,sketch,oracle_future_value,64,True,4,512,3,10,20260716,b21b07dbbd3dfe45bbc8c04dc48b58a8c3f928f7611d506bddbe035ea605f00a,512,128,128,structural agent-turn replay; Oracle-K is offline diagnosis only; no raw source text and no live latency.,UpperBoundOnly,384,0.010416666666666666,0.3264695993989351,103830.0,5526.0,4.0,4.0,10368
20260716_agenttrace_frozen_sketch_oracle_future_value_k128_rep3,agenttrace_admission_oracle_v4,trace_derived_simulation,86adc13cec5f5a186ade1082f0fb1da4944533a4,pagarsky/agent-trace: nl2bash_1_7B_20260403T211347Z,https://huggingface.co/datasets/pagarsky/agent-trace,Apache-2.0,250313ae096b0bb8c1986b6f571b68f4ff7617a12026db20214ad84188d12ae5,False,CPU-only; no live vLLM request,frozen,sketch,oracle_future_value,128,True,4,512,3,10,20260716,b21b07dbbd3dfe45bbc8c04dc48b58a8c3f928f7611d506bddbe035ea605f00a,512,128,128,structural agent-turn replay; Oracle-K is offline diagnosis only; no raw source text and no live latency.,UpperBoundOnly,384,0.010416666666666666,0.3264695993989351,103830.0,5526.0,4.0,4.0,10368
20260716_agenttrace_closed_loop_load_only_kinf_rep3,agenttrace_admission_oracle_v4,trace_derived_simulation,86adc13cec5f5a186ade1082f0fb1da4944533a4,pagarsky/agent-trace: nl2bash_1_7B_20260403T211347Z,https://huggingface.co/datasets/pagarsky/agent-trace,Apache-2.0,250313ae096b0bb8c1986b6f571b68f4ff7617a12026db20214ad84188d12ae5,False,CPU-only; no live vLLM request,closed_loop,load_only,none,inf,False,4,512,3,10,20260716,b21b07dbbd3dfe45bbc8c04dc48b58a8c3f928f7611d506bddbe035ea605f00a,512,128,128,structural agent-turn replay; Oracle-K is offline diagnosis only; no raw source text and no live latency.,Current,384,0.0,0.3696950639938305,166071.0,67767.0,0.0,0.0,384
20260716_agenttrace_closed_loop_exact_kinf_rep3,agenttrace_admission_oracle_v4,trace_derived_simulation,86adc13cec5f5a186ade1082f0fb1da4944533a4,pagarsky/agent-trace: nl2bash_1_7B_20260403T211347Z,https://huggingface.co/datasets/pagarsky/agent-trace,Apache-2.0,250313ae096b0bb8c1986b6f571b68f4ff7617a12026db20214ad84188d12ae5,False,CPU-only; no live vLLM request,closed_loop,exact,exact,inf,False,4,512,3,10,20260716,b21b07dbbd3dfe45bbc8c04dc48b58a8c3f928f7611d506bddbe035ea605f00a,512,128,128,structural agent-turn replay; Oracle-K is offline diagnosis only; no raw source text and no live latency.,Current,384,0.15625,0.4246438534764787,248751.0,150447.0,3.0,3.0,16896
20260716_agenttrace_closed_loop_sketch_lru_k2_rep3,agenttrace_admission_oracle_v4,trace_derived_simulation,86adc13cec5f5a186ade1082f0fb1da4944533a4,pagarsky/agent-trace: nl2bash_1_7B_20260403T211347Z,https://huggingface.co/datasets/pagarsky/agent-trace,Apache-2.0,250313ae096b0bb8c1986b6f571b68f4ff7617a12026db20214ad84188d12ae5,False,CPU-only; no live vLLM request,closed_loop,sketch,lru,2,False,4,512,3,10,20260716,b21b07dbbd3dfe45bbc8c04dc48b58a8c3f928f7611d506bddbe035ea605f00a,512,128,128,structural agent-turn replay; Oracle-K is offline diagnosis only; no raw source text and no live latency.,Current,384,0.0026041666666666665,0.38477618147978676,188391.0,90087.0,3.0,3.0,768
20260716_agenttrace_closed_loop_sketch_lru_k4_rep3,agenttrace_admission_oracle_v4,trace_derived_simulation,86adc13cec5f5a186ade1082f0fb1da4944533a4,pagarsky/agent-trace: nl2bash_1_7B_20260403T211347Z,https://huggingface.co/datasets/pagarsky/agent-trace,Apache-2.0,250313ae096b0bb8c1986b6f571b68f4ff7617a12026db20214ad84188d12ae5,False,CPU-only; no live vLLM request,closed_loop,sketch,lru,4,False,4,512,3,10,20260716,b21b07dbbd3dfe45bbc8c04dc48b58a8c3f928f7611d506bddbe035ea605f00a,512,128,128,structural agent-turn replay; Oracle-K is offline diagnosis only; no raw source text and no live latency.,Current,384,0.005208333333333333,0.3853769962991227,189336.0,91032.0,3.0,3.0,1024
20260716_agenttrace_closed_loop_sketch_lru_k8_rep3,agenttrace_admission_oracle_v4,trace_derived_simulation,86adc13cec5f5a186ade1082f0fb1da4944533a4,pagarsky/agent-trace: nl2bash_1_7B_20260403T211347Z,https://huggingface.co/datasets/pagarsky/agent-trace,Apache-2.0,250313ae096b0bb8c1986b6f571b68f4ff7617a12026db20214ad84188d12ae5,False,CPU-only; no live vLLM request,closed_loop,sketch,lru,8,False,4,512,3,10,20260716,b21b07dbbd3dfe45bbc8c04dc48b58a8c3f928f7611d506bddbe035ea605f00a,512,128,128,structural agent-turn replay; Oracle-K is offline diagnosis only; no raw source text and no live latency.,Current,384,0.0078125,0.3853769962991227,189336.0,91032.0,3.0,3.0,1536
20260716_agenttrace_closed_loop_sketch_lru_k16_rep3,agenttrace_admission_oracle_v4,trace_derived_simulation,86adc13cec5f5a186ade1082f0fb1da4944533a4,pagarsky/agent-trace: nl2bash_1_7B_20260403T211347Z,https://huggingface.co/datasets/pagarsky/agent-trace,Apache-2.0,250313ae096b0bb8c1986b6f571b68f4ff7617a12026db20214ad84188d12ae5,False,CPU-only; no live vLLM request,closed_loop,sketch,lru,16,False,4,512,3,10,20260716,b21b07dbbd3dfe45bbc8c04dc48b58a8c3f928f7611d506bddbe035ea605f00a,512,128,128,structural agent-turn replay; Oracle-K is offline diagnosis only; no raw source text and no live latency.,Current,384,0.028645833333333332,0.38607703912860347,190313.0,92009.0,3.0,3.0,2560
20260716_agenttrace_closed_loop_sketch_lru_k32_rep3,agenttrace_admission_oracle_v4,trace_derived_simulation,86adc13cec5f5a186ade1082f0fb1da4944533a4,pagarsky/agent-trace: nl2bash_1_7B_20260403T211347Z,https://huggingface.co/datasets/pagarsky/agent-trace,Apache-2.0,250313ae096b0bb8c1986b6f571b68f4ff7617a12026db20214ad84188d12ae5,False,CPU-only; no live vLLM request,closed_loop,sketch,lru,32,False,4,512,3,10,20260716,b21b07dbbd3dfe45bbc8c04dc48b58a8c3f928f7611d506bddbe035ea605f00a,512,128,128,structural agent-turn replay; Oracle-K is offline diagnosis only; no raw source text and no live latency.,Current,384,0.059895833333333336,0.39489286559626646,204154.0,105850.0,3.0,3.0,4608
20260716_agenttrace_closed_loop_sketch_lru_k64_rep3,agenttrace_admission_oracle_v4,trace_derived_simulation,86adc13cec5f5a186ade1082f0fb1da4944533a4,pagarsky/agent-trace: nl2bash_1_7B_20260403T211347Z,https://huggingface.co/datasets/pagarsky/agent-trace,Apache-2.0,250313ae096b0bb8c1986b6f571b68f4ff7617a12026db20214ad84188d12ae5,False,CPU-only; no live vLLM request,closed_loop,sketch,lru,64,False,4,512,3,10,20260716,b21b07dbbd3dfe45bbc8c04dc48b58a8c3f928f7611d506bddbe035ea605f00a,512,128,128,structural agent-turn replay; Oracle-K is offline diagnosis only; no raw source text and no live latency.,Current,384,0.09895833333333333,0.399797357140667,210890.0,112586.0,3.0,3.0,8704
20260716_agenttrace_closed_loop_sketch_lru_k128_rep3,agenttrace_admission_oracle_v4,trace_derived_simulation,86adc13cec5f5a186ade1082f0fb1da4944533a4,pagarsky/agent-trace: nl2bash_1_7B_20260403T211347Z,https://huggingface.co/datasets/pagarsky/agent-trace,Apache-2.0,250313ae096b0bb8c1986b6f571b68f4ff7617a12026db20214ad84188d12ae5,False,CPU-only; no live vLLM request,closed_loop,sketch,lru,128,False,4,512,3,10,20260716,b21b07dbbd3dfe45bbc8c04dc48b58a8c3f928f7611d506bddbe035ea605f00a,512,128,128,structural agent-turn replay; Oracle-K is offline diagnosis only; no raw source text and no live latency.,Current,384,0.15625,0.4246438534764787,248751.0,150447.0,3.0,3.0,16896
20260716_agenttrace_closed_loop_sketch_lfu_k2_rep3,agenttrace_admission_oracle_v4,trace_derived_simulation,86adc13cec5f5a186ade1082f0fb1da4944533a4,pagarsky/agent-trace: nl2bash_1_7B_20260403T211347Z,https://huggingface.co/datasets/pagarsky/agent-trace,Apache-2.0,250313ae096b0bb8c1986b6f571b68f4ff7617a12026db20214ad84188d12ae5,False,CPU-only; no live vLLM request,closed_loop,sketch,lfu,2,False,4,512,3,10,20260716,b21b07dbbd3dfe45bbc8c04dc48b58a8c3f928f7611d506bddbe035ea605f00a,512,128,128,structural agent-turn replay; Oracle-K is offline diagnosis only; no raw source text and no live latency.,Current,384,0.0,0.3846828829509247,188043.0,89739.0,3.0,3.0,768
20260716_agenttrace_closed_loop_sketch_lfu_k4_rep3,agenttrace_admission_oracle_v4,trace_derived_simulation,86adc13cec5f5a186ade1082f0fb1da4944533a4,pagarsky/agent-trace: nl2bash_1_7B_20260403T211347Z,https://huggingface.co/datasets/pagarsky/agent-trace,Apache-2.0,250313ae096b0bb8c1986b6f571b68f4ff7617a12026db20214ad84188d12ae5,False,CPU-only; no live vLLM request,closed_loop,sketch,lfu,4,False,4,512,3,10,20260716,b21b07dbbd3dfe45bbc8c04dc48b58a8c3f928f7611d506bddbe035ea605f00a,512,128,128,structural agent-turn replay; Oracle-K is offline diagnosis only; no raw source text and no live latency.,Current,384,0.0,0.3846828829509247,188043.0,89739.0,3.0,3.0,1024
20260716_agenttrace_closed_loop_sketch_lfu_k8_rep3,agenttrace_admission_oracle_v4,trace_derived_simulation,86adc13cec5f5a186ade1082f0fb1da4944533a4,pagarsky/agent-trace: nl2bash_1_7B_20260403T211347Z,https://huggingface.co/datasets/pagarsky/agent-trace,Apache-2.0,250313ae096b0bb8c1986b6f571b68f4ff7617a12026db20214ad84188d12ae5,False,CPU-only; no live vLLM request,closed_loop,sketch,lfu,8,False,4,512,3,10,20260716,b21b07dbbd3dfe45bbc8c04dc48b58a8c3f928f7611d506bddbe035ea605f00a,512,128,128,structural agent-turn replay; Oracle-K is offline diagnosis only; no raw source text and no live latency.,Current,384,0.005208333333333333,0.37926792018237,179526.0,81222.0,3.0,3.0,1536
20260716_agenttrace_closed_loop_sketch_lfu_k16_rep3,agenttrace_admission_oracle_v4,trace_derived_simulation,86adc13cec5f5a186ade1082f0fb1da4944533a4,pagarsky/agent-trace: nl2bash_1_7B_20260403T211347Z,https://huggingface.co/datasets/pagarsky/agent-trace,Apache-2.0,250313ae096b0bb8c1986b6f571b68f4ff7617a12026db20214ad84188d12ae5,False,CPU-only; no live vLLM request,closed_loop,sketch,lfu,16,False,4,512,3,10,20260716,b21b07dbbd3dfe45bbc8c04dc48b58a8c3f928f7611d506bddbe035ea605f00a,512,128,128,structural agent-turn replay; Oracle-K is offline diagnosis only; no raw source text and no live latency.,Current,384,0.020833333333333332,0.3757487612908965,174007.0,75703.0,3.0,3.0,2560
20260716_agenttrace_closed_loop_sketch_lfu_k32_rep3,agenttrace_admission_oracle_v4,trace_derived_simulation,86adc13cec5f5a186ade1082f0fb1da4944533a4,pagarsky/agent-trace: nl2bash_1_7B_20260403T211347Z,https://huggingface.co/datasets/pagarsky/agent-trace,Apache-2.0,250313ae096b0bb8c1986b6f571b68f4ff7617a12026db20214ad84188d12ae5,False,CPU-only; no live vLLM request,closed_loop,sketch,lfu,32,False,4,512,3,10,20260716,b21b07dbbd3dfe45bbc8c04dc48b58a8c3f928f7611d506bddbe035ea605f00a,512,128,128,structural agent-turn replay; Oracle-K is offline diagnosis only; no raw source text and no live latency.,Current,384,0.052083333333333336,0.3845233581073143,187607.0,89303.0,3.0,3.0,4608
20260716_agenttrace_closed_loop_sketch_lfu_k64_rep3,agenttrace_admission_oracle_v4,trace_derived_simulation,86adc13cec5f5a186ade1082f0fb1da4944533a4,pagarsky/agent-trace: nl2bash_1_7B_20260403T211347Z,https://huggingface.co/datasets/pagarsky/agent-trace,Apache-2.0,250313ae096b0bb8c1986b6f571b68f4ff7617a12026db20214ad84188d12ae5,False,CPU-only; no live vLLM request,closed_loop,sketch,lfu,64,False,4,512,3,10,20260716,b21b07dbbd3dfe45bbc8c04dc48b58a8c3f928f7611d506bddbe035ea605f00a,512,128,128,structural agent-turn replay; Oracle-K is offline diagnosis only; no raw source text and no live latency.,Current,384,0.08072916666666667,0.39478722864806426,203370.0,105066.0,3.0,3.0,8704
20260716_agenttrace_closed_loop_sketch_lfu_k128_rep3,agenttrace_admission_oracle_v4,trace_derived_simulation,86adc13cec5f5a186ade1082f0fb1da4944533a4,pagarsky/agent-trace: nl2bash_1_7B_20260403T211347Z,https://huggingface.co/datasets/pagarsky/agent-trace,Apache-2.0,250313ae096b0bb8c1986b6f571b68f4ff7617a12026db20214ad84188d12ae5,False,CPU-only; no live vLLM request,closed_loop,sketch,lfu,128,False,4,512,3,10,20260716,b21b07dbbd3dfe45bbc8c04dc48b58a8c3f928f7611d506bddbe035ea605f00a,512,128,128,structural agent-turn replay; Oracle-K is offline diagnosis only; no raw source text and no live latency.,Current,384,0.15625,0.4246438534764787,248751.0,150447.0,3.0,3.0,16896
20260716_agenttrace_closed_loop_sketch_coverage_first_k2_rep3,agenttrace_admission_oracle_v4,trace_derived_simulation,86adc13cec5f5a186ade1082f0fb1da4944533a4,pagarsky/agent-trace: nl2bash_1_7B_20260403T211347Z,https://huggingface.co/datasets/pagarsky/agent-trace,Apache-2.0,250313ae096b0bb8c1986b6f571b68f4ff7617a12026db20214ad84188d12ae5,False,CPU-only; no live vLLM request,closed_loop,sketch,coverage_first,2,False,4,512,3,10,20260716,b21b07dbbd3dfe45bbc8c04dc48b58a8c3f928f7611d506bddbe035ea605f00a,512,128,128,structural agent-turn replay; Oracle-K is offline diagnosis only; no raw source text and no live latency.,Current,384,0.015625,0.3889121565339862,194571.0,96267.0,1.0,1.0,768
20260716_agenttrace_closed_loop_sketch_coverage_first_k4_rep3,agenttrace_admission_oracle_v4,trace_derived_simulation,86adc13cec5f5a186ade1082f0fb1da4944533a4,pagarsky/agent-trace: nl2bash_1_7B_20260403T211347Z,https://huggingface.co/datasets/pagarsky/agent-trace,Apache-2.0,250313ae096b0bb8c1986b6f571b68f4ff7617a12026db20214ad84188d12ae5,False,CPU-only; no live vLLM request,closed_loop,sketch,coverage_first,4,False,4,512,3,10,20260716,b21b07dbbd3dfe45bbc8c04dc48b58a8c3f928f7611d506bddbe035ea605f00a,512,128,128,structural agent-turn replay; Oracle-K is offline diagnosis only; no raw source text and no live latency.,Current,384,0.033854166666666664,0.39647924434323095,206473.0,108169.0,1.0,1.0,1024
20260716_agenttrace_closed_loop_sketch_coverage_first_k8_rep3,agenttrace_admission_oracle_v4,trace_derived_simulation,86adc13cec5f5a186ade1082f0fb1da4944533a4,pagarsky/agent-trace: nl2bash_1_7B_20260403T211347Z,https://huggingface.co/datasets/pagarsky/agent-trace,Apache-2.0,250313ae096b0bb8c1986b6f571b68f4ff7617a12026db20214ad84188d12ae5,False,CPU-only; no live vLLM request,closed_loop,sketch,coverage_first,8,False,4,512,3,10,20260716,b21b07dbbd3dfe45bbc8c04dc48b58a8c3f928f7611d506bddbe035ea605f00a,512,128,128,structural agent-turn replay; Oracle-K is offline diagnosis only; no raw source text and no live latency.,Current,384,0.078125,0.41259205210360916,230771.0,132467.0,2.0,2.0,1536
20260716_agenttrace_closed_loop_sketch_coverage_first_k16_rep3,agenttrace_admission_oracle_v4,trace_derived_simulation,86adc13cec5f5a186ade1082f0fb1da4944533a4,pagarsky/agent-trace: nl2bash_1_7B_20260403T211347Z,https://huggingface.co/datasets/pagarsky/agent-trace,Apache-2.0,250313ae096b0bb8c1986b6f571b68f4ff7617a12026db20214ad84188d12ae5,False,CPU-only; no live vLLM request,closed_loop,sketch,coverage_first,16,False,4,512,3,10,20260716,b21b07dbbd3dfe45bbc8c04dc48b58a8c3f928f7611d506bddbe035ea605f00a,512,128,128,structural agent-turn replay; Oracle-K is offline diagnosis only; no raw source text and no live latency.,Current,384,0.109375,0.41410860122170845,233089.0,134785.0,2.0,2.0,2560
20260716_agenttrace_closed_loop_sketch_coverage_first_k32_rep3,agenttrace_admission_oracle_v4,trace_derived_simulation,86adc13cec5f5a186ade1082f0fb1da4944533a4,pagarsky/agent-trace: nl2bash_1_7B_20260403T211347Z,https://huggingface.co/datasets/pagarsky/agent-trace,Apache-2.0,250313ae096b0bb8c1986b6f571b68f4ff7617a12026db20214ad84188d12ae5,False,CPU-only; no live vLLM request,closed_loop,sketch,coverage_first,32,False,4,512,3,10,20260716,b21b07dbbd3dfe45bbc8c04dc48b58a8c3f928f7611d506bddbe035ea605f00a,512,128,128,structural agent-turn replay; Oracle-K is offline diagnosis only; no raw source text and no live latency.,Current,384,0.14583333333333334,0.4206372671267966,242914.0,144610.0,2.0,2.0,4608
20260716_agenttrace_closed_loop_sketch_coverage_first_k64_rep3,agenttrace_admission_oracle_v4,trace_derived_simulation,86adc13cec5f5a186ade1082f0fb1da4944533a4,pagarsky/agent-trace: nl2bash_1_7B_20260403T211347Z,https://huggingface.co/datasets/pagarsky/agent-trace,Apache-2.0,250313ae096b0bb8c1986b6f571b68f4ff7617a12026db20214ad84188d12ae5,False,CPU-only; no live vLLM request,closed_loop,sketch,coverage_first,64,False,4,512,3,10,20260716,b21b07dbbd3dfe45bbc8c04dc48b58a8c3f928f7611d506bddbe035ea605f00a,512,128,128,structural agent-turn replay; Oracle-K is offline diagnosis only; no raw source text and no live latency.,Current,384,0.15625,0.4246438534764787,248751.0,150447.0,2.0,2.0,8704
20260716_agenttrace_closed_loop_sketch_coverage_first_k128_rep3,agenttrace_admission_oracle_v4,trace_derived_simulation,86adc13cec5f5a186ade1082f0fb1da4944533a4,pagarsky/agent-trace: nl2bash_1_7B_20260403T211347Z,https://huggingface.co/datasets/pagarsky/agent-trace,Apache-2.0,250313ae096b0bb8c1986b6f571b68f4ff7617a12026db20214ad84188d12ae5,False,CPU-only; no live vLLM request,closed_loop,sketch,coverage_first,128,False,4,512,3,10,20260716,b21b07dbbd3dfe45bbc8c04dc48b58a8c3f928f7611d506bddbe035ea605f00a,512,128,128,structural agent-turn replay; Oracle-K is offline diagnosis only; no raw source text and no live latency.,Current,384,0.15625,0.4246438534764787,248751.0,150447.0,3.0,3.0,16896
20260716_agenttrace_closed_loop_sketch_saved_prefill_first_k2_rep3,agenttrace_admission_oracle_v4,trace_derived_simulation,86adc13cec5f5a186ade1082f0fb1da4944533a4,pagarsky/agent-trace: nl2bash_1_7B_20260403T211347Z,https://huggingface.co/datasets/pagarsky/agent-trace,Apache-2.0,250313ae096b0bb8c1986b6f571b68f4ff7617a12026db20214ad84188d12ae5,False,CPU-only; no live vLLM request,closed_loop,sketch,saved_prefill_first,2,False,4,512,3,10,20260716,b21b07dbbd3dfe45bbc8c04dc48b58a8c3f928f7611d506bddbe035ea605f00a,512,128,128,structural agent-turn replay; Oracle-K is offline diagnosis only; no raw source text and no live latency.,Current,384,0.013020833333333334,0.385146161936676,187976.0,89672.0,3.0,3.0,768
20260716_agenttrace_closed_loop_sketch_saved_prefill_first_k4_rep3,agenttrace_admission_oracle_v4,trace_derived_simulation,86adc13cec5f5a186ade1082f0fb1da4944533a4,pagarsky/agent-trace: nl2bash_1_7B_20260403T211347Z,https://huggingface.co/datasets/pagarsky/agent-trace,Apache-2.0,250313ae096b0bb8c1986b6f571b68f4ff7617a12026db20214ad84188d12ae5,False,CPU-only; no live vLLM request,closed_loop,sketch,saved_prefill_first,4,False,4,512,3,10,20260716,b21b07dbbd3dfe45bbc8c04dc48b58a8c3f928f7611d506bddbe035ea605f00a,512,128,128,structural agent-turn replay; Oracle-K is offline diagnosis only; no raw source text and no live latency.,Current,384,0.015625,0.3855970513241804,189084.0,90780.0,3.0,3.0,1024
20260716_agenttrace_closed_loop_sketch_saved_prefill_first_k8_rep3,agenttrace_admission_oracle_v4,trace_derived_simulation,86adc13cec5f5a186ade1082f0fb1da4944533a4,pagarsky/agent-trace: nl2bash_1_7B_20260403T211347Z,https://huggingface.co/datasets/pagarsky/agent-trace,Apache-2.0,250313ae096b0bb8c1986b6f571b68f4ff7617a12026db20214ad84188d12ae5,False,CPU-only; no live vLLM request,closed_loop,sketch,saved_prefill_first,8,False,4,512,3,10,20260716,b21b07dbbd3dfe45bbc8c04dc48b58a8c3f928f7611d506bddbe035ea605f00a,512,128,128,structural agent-turn replay; Oracle-K is offline diagnosis only; no raw source text and no live latency.,Current,384,0.041666666666666664,0.39161223635441383,198876.0,100572.0,3.0,3.0,1536
20260716_agenttrace_closed_loop_sketch_saved_prefill_first_k16_rep3,agenttrace_admission_oracle_v4,trace_derived_simulation,86adc13cec5f5a186ade1082f0fb1da4944533a4,pagarsky/agent-trace: nl2bash_1_7B_20260403T211347Z,https://huggingface.co/datasets/pagarsky/agent-trace,Apache-2.0,250313ae096b0bb8c1986b6f571b68f4ff7617a12026db20214ad84188d12ae5,False,CPU-only; no live vLLM request,closed_loop,sketch,saved_prefill_first,16,False,4,512,3,10,20260716,b21b07dbbd3dfe45bbc8c04dc48b58a8c3f928f7611d506bddbe035ea605f00a,512,128,128,structural agent-turn replay; Oracle-K is offline diagnosis only; no raw source text and no live latency.,Current,384,0.049479166666666664,0.3944973356817128,203552.0,105248.0,3.0,3.0,2560
20260716_agenttrace_closed_loop_sketch_saved_prefill_first_k32_rep3,agenttrace_admission_oracle_v4,trace_derived_simulation,86adc13cec5f5a186ade1082f0fb1da4944533a4,pagarsky/agent-trace: nl2bash_1_7B_20260403T211347Z,https://huggingface.co/datasets/pagarsky/agent-trace,Apache-2.0,250313ae096b0bb8c1986b6f571b68f4ff7617a12026db20214ad84188d12ae5,False,CPU-only; no live vLLM request,closed_loop,sketch,saved_prefill_first,32,False,4,512,3,10,20260716,b21b07dbbd3dfe45bbc8c04dc48b58a8c3f928f7611d506bddbe035ea605f00a,512,128,128,structural agent-turn replay; Oracle-K is offline diagnosis only; no raw source text and no live latency.,Current,384,0.0703125,0.3944533251530779,203104.0,104800.0,3.0,3.0,4608
20260716_agenttrace_closed_loop_sketch_saved_prefill_first_k64_rep3,agenttrace_admission_oracle_v4,trace_derived_simulation,86adc13cec5f5a186ade1082f0fb1da4944533a4,pagarsky/agent-trace: nl2bash_1_7B_20260403T211347Z,https://huggingface.co/datasets/pagarsky/agent-trace,Apache-2.0,250313ae096b0bb8c1986b6f571b68f4ff7617a12026db20214ad84188d12ae5,False,CPU-only; no live vLLM request,closed_loop,sketch,saved_prefill_first,64,False,4,512,3,10,20260716,b21b07dbbd3dfe45bbc8c04dc48b58a8c3f928f7611d506bddbe035ea605f00a,512,128,128,structural agent-turn replay; Oracle-K is offline diagnosis only; no raw source text and no live latency.,Current,384,0.13541666666666666,0.41653983996425353,236566.0,138262.0,3.0,3.0,8704
20260716_agenttrace_closed_loop_sketch_saved_prefill_first_k128_rep3,agenttrace_admission_oracle_v4,trace_derived_simulation,86adc13cec5f5a186ade1082f0fb1da4944533a4,pagarsky/agent-trace: nl2bash_1_7B_20260403T211347Z,https://huggingface.co/datasets/pagarsky/agent-trace,Apache-2.0,250313ae096b0bb8c1986b6f571b68f4ff7617a12026db20214ad84188d12ae5,False,CPU-only; no live vLLM request,closed_loop,sketch,saved_prefill_first,128,False,4,512,3,10,20260716,b21b07dbbd3dfe45bbc8c04dc48b58a8c3f928f7611d506bddbe035ea605f00a,512,128,128,structural agent-turn replay; Oracle-K is offline diagnosis only; no raw source text and no live latency.,Current,384,0.15625,0.4246438534764787,248751.0,150447.0,3.0,3.0,16896
20260716_agenttrace_closed_loop_sketch_reuse_distance_k2_rep3,agenttrace_admission_oracle_v4,trace_derived_simulation,86adc13cec5f5a186ade1082f0fb1da4944533a4,pagarsky/agent-trace: nl2bash_1_7B_20260403T211347Z,https://huggingface.co/datasets/pagarsky/agent-trace,Apache-2.0,250313ae096b0bb8c1986b6f571b68f4ff7617a12026db20214ad84188d12ae5,False,CPU-only; no live vLLM request,closed_loop,sketch,reuse_distance,2,False,4,512,3,10,20260716,b21b07dbbd3dfe45bbc8c04dc48b58a8c3f928f7611d506bddbe035ea605f00a,512,128,128,structural agent-turn replay; Oracle-K is offline diagnosis only; no raw source text and no live latency.,Current,384,0.018229166666666668,0.3858119459368106,189422.0,91118.0,1.0,1.0,768
20260716_agenttrace_closed_loop_sketch_reuse_distance_k4_rep3,agenttrace_admission_oracle_v4,trace_derived_simulation,86adc13cec5f5a186ade1082f0fb1da4944533a4,pagarsky/agent-trace: nl2bash_1_7B_20260403T211347Z,https://huggingface.co/datasets/pagarsky/agent-trace,Apache-2.0,250313ae096b0bb8c1986b6f571b68f4ff7617a12026db20214ad84188d12ae5,False,CPU-only; no live vLLM request,closed_loop,sketch,reuse_distance,4,False,4,512,3,10,20260716,b21b07dbbd3dfe45bbc8c04dc48b58a8c3f928f7611d506bddbe035ea605f00a,512,128,128,structural agent-turn replay; Oracle-K is offline diagnosis only; no raw source text and no live latency.,Current,384,0.036458333333333336,0.3912320381936065,198278.0,99974.0,1.0,1.0,1024
20260716_agenttrace_closed_loop_sketch_reuse_distance_k8_rep3,agenttrace_admission_oracle_v4,trace_derived_simulation,86adc13cec5f5a186ade1082f0fb1da4944533a4,pagarsky/agent-trace: nl2bash_1_7B_20260403T211347Z,https://huggingface.co/datasets/pagarsky/agent-trace,Apache-2.0,250313ae096b0bb8c1986b6f571b68f4ff7617a12026db20214ad84188d12ae5,False,CPU-only; no live vLLM request,closed_loop,sketch,reuse_distance,8,False,4,512,3,10,20260716,b21b07dbbd3dfe45bbc8c04dc48b58a8c3f928f7611d506bddbe035ea605f00a,512,128,128,structural agent-turn replay; Oracle-K is offline diagnosis only; no raw source text and no live latency.,Current,384,0.0390625,0.3900329516864451,196392.0,98088.0,2.0,2.0,1536
20260716_agenttrace_closed_loop_sketch_reuse_distance_k16_rep3,agenttrace_admission_oracle_v4,trace_derived_simulation,86adc13cec5f5a186ade1082f0fb1da4944533a4,pagarsky/agent-trace: nl2bash_1_7B_20260403T211347Z,https://huggingface.co/datasets/pagarsky/agent-trace,Apache-2.0,250313ae096b0bb8c1986b6f571b68f4ff7617a12026db20214ad84188d12ae5,False,CPU-only; no live vLLM request,closed_loop,sketch,reuse_distance,16,False,4,512,3,10,20260716,b21b07dbbd3dfe45bbc8c04dc48b58a8c3f928f7611d506bddbe035ea605f00a,512,128,128,structural agent-turn replay; Oracle-K is offline diagnosis only; no raw source text and no live latency.,Current,384,0.0546875,0.39472015384108716,203747.0,105443.0,3.0,3.0,2560
20260716_agenttrace_closed_loop_sketch_reuse_distance_k32_rep3,agenttrace_admission_oracle_v4,trace_derived_simulation,86adc13cec5f5a186ade1082f0fb1da4944533a4,pagarsky/agent-trace: nl2bash_1_7B_20260403T211347Z,https://huggingface.co/datasets/pagarsky/agent-trace,Apache-2.0,250313ae096b0bb8c1986b6f571b68f4ff7617a12026db20214ad84188d12ae5,False,CPU-only; no live vLLM request,closed_loop,sketch,reuse_distance,32,False,4,512,3,10,20260716,b21b07dbbd3dfe45bbc8c04dc48b58a8c3f928f7611d506bddbe035ea605f00a,512,128,128,structural agent-turn replay; Oracle-K is offline diagnosis only; no raw source text and no live latency.,Current,384,0.06770833333333333,0.3949248825646444,203749.0,105445.0,3.0,3.0,4608
20260716_agenttrace_closed_loop_sketch_reuse_distance_k64_rep3,agenttrace_admission_oracle_v4,trace_derived_simulation,86adc13cec5f5a186ade1082f0fb1da4944533a4,pagarsky/agent-trace: nl2bash_1_7B_20260403T211347Z,https://huggingface.co/datasets/pagarsky/agent-trace,Apache-2.0,250313ae096b0bb8c1986b6f571b68f4ff7617a12026db20214ad84188d12ae5,False,CPU-only; no live vLLM request,closed_loop,sketch,reuse_distance,64,False,4,512,3,10,20260716,b21b07dbbd3dfe45bbc8c04dc48b58a8c3f928f7611d506bddbe035ea605f00a,512,128,128,structural agent-turn replay; Oracle-K is offline diagnosis only; no raw source text and no live latency.,Current,384,0.13541666666666666,0.41653983996425353,236566.0,138262.0,3.0,3.0,8704
20260716_agenttrace_closed_loop_sketch_reuse_distance_k128_rep3,agenttrace_admission_oracle_v4,trace_derived_simulation,86adc13cec5f5a186ade1082f0fb1da4944533a4,pagarsky/agent-trace: nl2bash_1_7B_20260403T211347Z,https://huggingface.co/datasets/pagarsky/agent-trace,Apache-2.0,250313ae096b0bb8c1986b6f571b68f4ff7617a12026db20214ad84188d12ae5,False,CPU-only; no live vLLM request,closed_loop,sketch,reuse_distance,128,False,4,512,3,10,20260716,b21b07dbbd3dfe45bbc8c04dc48b58a8c3f928f7611d506bddbe035ea605f00a,512,128,128,structural agent-turn replay; Oracle-K is offline diagnosis only; no raw source text and no live latency.,Current,384,0.15625,0.4246438534764787,248751.0,150447.0,3.0,3.0,16896
20260716_agenttrace_closed_loop_sketch_oracle_future_value_k2_rep3,agenttrace_admission_oracle_v4,trace_derived_simulation,86adc13cec5f5a186ade1082f0fb1da4944533a4,pagarsky/agent-trace: nl2bash_1_7B_20260403T211347Z,https://huggingface.co/datasets/pagarsky/agent-trace,Apache-2.0,250313ae096b0bb8c1986b6f571b68f4ff7617a12026db20214ad84188d12ae5,False,CPU-only; no live vLLM request,closed_loop,sketch,oracle_future_value,2,True,4,512,3,10,20260716,b21b07dbbd3dfe45bbc8c04dc48b58a8c3f928f7611d506bddbe035ea605f00a,512,128,128,structural agent-turn replay; Oracle-K is offline diagnosis only; no raw source text and no live latency.,UpperBoundOnly,384,0.057291666666666664,0.3985653471839029,209480.0,111176.0,2.0,2.0,768
20260716_agenttrace_closed_loop_sketch_oracle_future_value_k4_rep3,agenttrace_admission_oracle_v4,trace_derived_simulation,86adc13cec5f5a186ade1082f0fb1da4944533a4,pagarsky/agent-trace: nl2bash_1_7B_20260403T211347Z,https://huggingface.co/datasets/pagarsky/agent-trace,Apache-2.0,250313ae096b0bb8c1986b6f571b68f4ff7617a12026db20214ad84188d12ae5,False,CPU-only; no live vLLM request,closed_loop,sketch,oracle_future_value,4,True,4,512,3,10,20260716,b21b07dbbd3dfe45bbc8c04dc48b58a8c3f928f7611d506bddbe035ea605f00a,512,128,128,structural agent-turn replay; Oracle-K is offline diagnosis only; no raw source text and no live latency.,UpperBoundOnly,384,0.0859375,0.410170383370335,226965.0,128661.0,2.0,2.0,1024
20260716_agenttrace_closed_loop_sketch_oracle_future_value_k8_rep3,agenttrace_admission_oracle_v4,trace_derived_simulation,86adc13cec5f5a186ade1082f0fb1da4944533a4,pagarsky/agent-trace: nl2bash_1_7B_20260403T211347Z,https://huggingface.co/datasets/pagarsky/agent-trace,Apache-2.0,250313ae096b0bb8c1986b6f571b68f4ff7617a12026db20214ad84188d12ae5,False,CPU-only; no live vLLM request,closed_loop,sketch,oracle_future_value,8,True,4,512,3,10,20260716,b21b07dbbd3dfe45bbc8c04dc48b58a8c3f928f7611d506bddbe035ea605f00a,512,128,128,structural agent-turn replay; Oracle-K is offline diagnosis only; no raw source text and no live latency.,UpperBoundOnly,384,0.125,0.41993783698137466,242270.0,143966.0,2.0,2.0,1536
20260716_agenttrace_closed_loop_sketch_oracle_future_value_k16_rep3,agenttrace_admission_oracle_v4,trace_derived_simulation,86adc13cec5f5a186ade1082f0fb1da4944533a4,pagarsky/agent-trace: nl2bash_1_7B_20260403T211347Z,https://huggingface.co/datasets/pagarsky/agent-trace,Apache-2.0,250313ae096b0bb8c1986b6f571b68f4ff7617a12026db20214ad84188d12ae5,False,CPU-only; no live vLLM request,closed_loop,sketch,oracle_future_value,16,True,4,512,3,10,20260716,b21b07dbbd3dfe45bbc8c04dc48b58a8c3f928f7611d506bddbe035ea605f00a,512,128,128,structural agent-turn replay; Oracle-K is offline diagnosis only; no raw source text and no live latency.,UpperBoundOnly,384,0.15104166666666666,0.4246438534764787,248751.0,150447.0,2.0,2.0,2560
20260716_agenttrace_closed_loop_sketch_oracle_future_value_k32_rep3,agenttrace_admission_oracle_v4,trace_derived_simulation,86adc13cec5f5a186ade1082f0fb1da4944533a4,pagarsky/agent-trace: nl2bash_1_7B_20260403T211347Z,https://huggingface.co/datasets/pagarsky/agent-trace,Apache-2.0,250313ae096b0bb8c1986b6f571b68f4ff7617a12026db20214ad84188d12ae5,False,CPU-only; no live vLLM request,closed_loop,sketch,oracle_future_value,32,True,4,512,3,10,20260716,b21b07dbbd3dfe45bbc8c04dc48b58a8c3f928f7611d506bddbe035ea605f00a,512,128,128,structural agent-turn replay; Oracle-K is offline diagnosis only; no raw source text and no live latency.,UpperBoundOnly,384,0.15625,0.4246438534764787,248751.0,150447.0,3.0,3.0,4608
20260716_agenttrace_closed_loop_sketch_oracle_future_value_k64_rep3,agenttrace_admission_oracle_v4,trace_derived_simulation,86adc13cec5f5a186ade1082f0fb1da4944533a4,pagarsky/agent-trace: nl2bash_1_7B_20260403T211347Z,https://huggingface.co/datasets/pagarsky/agent-trace,Apache-2.0,250313ae096b0bb8c1986b6f571b68f4ff7617a12026db20214ad84188d12ae5,False,CPU-only; no live vLLM request,closed_loop,sketch,oracle_future_value,64,True,4,512,3,10,20260716,b21b07dbbd3dfe45bbc8c04dc48b58a8c3f928f7611d506bddbe035ea605f00a,512,128,128,structural agent-turn replay; Oracle-K is offline diagnosis only; no raw source text and no live latency.,UpperBoundOnly,384,0.15625,0.4246438534764787,248751.0,150447.0,3.0,3.0,8704
20260716_agenttrace_closed_loop_sketch_oracle_future_value_k128_rep3,agenttrace_admission_oracle_v4,trace_derived_simulation,86adc13cec5f5a186ade1082f0fb1da4944533a4,pagarsky/agent-trace: nl2bash_1_7B_20260403T211347Z,https://huggingface.co/datasets/pagarsky/agent-trace,Apache-2.0,250313ae096b0bb8c1986b6f571b68f4ff7617a12026db20214ad84188d12ae5,False,CPU-only; no live vLLM request,closed_loop,sketch,oracle_future_value,128,True,4,512,3,10,20260716,b21b07dbbd3dfe45bbc8c04dc48b58a8c3f928f7611d506bddbe035ea605f00a,512,128,128,structural agent-turn replay; Oracle-K is offline diagnosis only; no raw source text and no live latency.,UpperBoundOnly,384,0.15625,0.4246438534764787,248751.0,150447.0,3.0,3.0,16896
20260716_agenttrace_frozen_load_only_kinf_rep4,agenttrace_admission_oracle_v4,trace_derived_simulation,86adc13cec5f5a186ade1082f0fb1da4944533a4,pagarsky/agent-trace: nl2bash_1_7B_20260403T211347Z,https://huggingface.co/datasets/pagarsky/agent-trace,Apache-2.0,250313ae096b0bb8c1986b6f571b68f4ff7617a12026db20214ad84188d12ae5,False,CPU-only; no live vLLM request,frozen,load_only,none,inf,False,4,512,4,10,20260716,adeaaa94150579a366bf3c0888c55df9a128986eeac4084ffb8d0ad86e4036f4,512,128,128,structural agent-turn replay; Oracle-K is offline diagnosis only; no raw source text and no live latency.,Current,384,0.0,0.3302170753431014,106288.0,7984.0,0.0,0.0,384
20260716_agenttrace_frozen_exact_kinf_rep4,agenttrace_admission_oracle_v4,trace_derived_simulation,86adc13cec5f5a186ade1082f0fb1da4944533a4,pagarsky/agent-trace: nl2bash_1_7B_20260403T211347Z,https://huggingface.co/datasets/pagarsky/agent-trace,Apache-2.0,250313ae096b0bb8c1986b6f571b68f4ff7617a12026db20214ad84188d12ae5,False,CPU-only; no live vLLM request,frozen,exact,exact,inf,False,4,512,4,10,20260716,adeaaa94150579a366bf3c0888c55df9a128986eeac4084ffb8d0ad86e4036f4,512,128,128,structural agent-turn replay; Oracle-K is offline diagnosis only; no raw source text and no live latency.,Current,384,1.0,0.34258111291349336,118640.0,20336.0,4.0,4.0,10240
20260716_agenttrace_frozen_sketch_lru_k2_rep4,agenttrace_admission_oracle_v4,trace_derived_simulation,86adc13cec5f5a186ade1082f0fb1da4944533a4,pagarsky/agent-trace: nl2bash_1_7B_20260403T211347Z,https://huggingface.co/datasets/pagarsky/agent-trace,Apache-2.0,250313ae096b0bb8c1986b6f571b68f4ff7617a12026db20214ad84188d12ae5,False,CPU-only; no live vLLM request,frozen,sketch,lru,2,False,4,512,4,10,20260716,adeaaa94150579a366bf3c0888c55df9a128986eeac4084ffb8d0ad86e4036f4,512,128,128,structural agent-turn replay; Oracle-K is offline diagnosis only; no raw source text and no live latency.,Current,384,0.0,0.33051229604205595,106325.0,8021.0,0.0,0.0,896
20260716_agenttrace_frozen_sketch_lru_k4_rep4,agenttrace_admission_oracle_v4,trace_derived_simulation,86adc13cec5f5a186ade1082f0fb1da4944533a4,pagarsky/agent-trace: nl2bash_1_7B_20260403T211347Z,https://huggingface.co/datasets/pagarsky/agent-trace,Apache-2.0,250313ae096b0bb8c1986b6f571b68f4ff7617a12026db20214ad84188d12ae5,False,CPU-only; no live vLLM request,frozen,sketch,lru,4,False,4,512,4,10,20260716,adeaaa94150579a366bf3c0888c55df9a128986eeac4084ffb8d0ad86e4036f4,512,128,128,structural agent-turn replay; Oracle-K is offline diagnosis only; no raw source text and no live latency.,Current,384,0.013020833333333334,0.3285792288485633,103054.0,4750.0,1.0,1.0,1408
20260716_agenttrace_frozen_sketch_lru_k8_rep4,agenttrace_admission_oracle_v4,trace_derived_simulation,86adc13cec5f5a186ade1082f0fb1da4944533a4,pagarsky/agent-trace: nl2bash_1_7B_20260403T211347Z,https://huggingface.co/datasets/pagarsky/agent-trace,Apache-2.0,250313ae096b0bb8c1986b6f571b68f4ff7617a12026db20214ad84188d12ae5,False,CPU-only; no live vLLM request,frozen,sketch,lru,8,False,4,512,4,10,20260716,adeaaa94150579a366bf3c0888c55df9a128986eeac4084ffb8d0ad86e4036f4,512,128,128,structural agent-turn replay; Oracle-K is offline diagnosis only; no raw source text and no live latency.,Current,384,0.015625,0.3298109866590069,105555.0,7251.0,1.0,1.0,2432
20260716_agenttrace_frozen_sketch_lru_k16_rep4,agenttrace_admission_oracle_v4,trace_derived_simulation,86adc13cec5f5a186ade1082f0fb1da4944533a4,pagarsky/agent-trace: nl2bash_1_7B_20260403T211347Z,https://huggingface.co/datasets/pagarsky/agent-trace,Apache-2.0,250313ae096b0bb8c1986b6f571b68f4ff7617a12026db20214ad84188d12ae5,False,CPU-only; no live vLLM request,frozen,sketch,lru,16,False,4,512,4,10,20260716,adeaaa94150579a366bf3c0888c55df9a128986eeac4084ffb8d0ad86e4036f4,512,128,128,structural agent-turn replay; Oracle-K is offline diagnosis only; no raw source text and no live latency.,Current,384,0.015625,0.3297902298601622,105427.0,7123.0,1.0,1.0,4480
20260716_agenttrace_frozen_sketch_lru_k32_rep4,agenttrace_admission_oracle_v4,trace_derived_simulation,86adc13cec5f5a186ade1082f0fb1da4944533a4,pagarsky/agent-trace: nl2bash_1_7B_20260403T211347Z,https://huggingface.co/datasets/pagarsky/agent-trace,Apache-2.0,250313ae096b0bb8c1986b6f571b68f4ff7617a12026db20214ad84188d12ae5,False,CPU-only; no live vLLM request,frozen,sketch,lru,32,False,4,512,4,10,20260716,adeaaa94150579a366bf3c0888c55df9a128986eeac4084ffb8d0ad86e4036f4,512,128,128,structural agent-turn replay; Oracle-K is offline diagnosis only; no raw source text and no live latency.,Current,384,0.0234375,0.3338668228274727,113057.0,14753.0,1.0,1.0,8576
20260716_agenttrace_frozen_sketch_lru_k64_rep4,agenttrace_admission_oracle_v4,trace_derived_simulation,86adc13cec5f5a186ade1082f0fb1da4944533a4,pagarsky/agent-trace: nl2bash_1_7B_20260403T211347Z,https://huggingface.co/datasets/pagarsky/agent-trace,Apache-2.0,250313ae096b0bb8c1986b6f571b68f4ff7617a12026db20214ad84188d12ae5,False,CPU-only; no live vLLM request,frozen,sketch,lru,64,False,4,512,4,10,20260716,adeaaa94150579a366bf3c0888c55df9a128986eeac4084ffb8d0ad86e4036f4,512,128,128,structural agent-turn replay; Oracle-K is offline diagnosis only; no raw source text and no live latency.,Current,384,0.0234375,0.33571057328497045,113957.0,15653.0,4.0,4.0,10240
20260716_agenttrace_frozen_sketch_lru_k128_rep4,agenttrace_admission_oracle_v4,trace_derived_simulation,86adc13cec5f5a186ade1082f0fb1da4944533a4,pagarsky/agent-trace: nl2bash_1_7B_20260403T211347Z,https://huggingface.co/datasets/pagarsky/agent-trace,Apache-2.0,250313ae096b0bb8c1986b6f571b68f4ff7617a12026db20214ad84188d12ae5,False,CPU-only; no live vLLM request,frozen,sketch,lru,128,False,4,512,4,10,20260716,adeaaa94150579a366bf3c0888c55df9a128986eeac4084ffb8d0ad86e4036f4,512,128,128,structural agent-turn replay; Oracle-K is offline diagnosis only; no raw source text and no live latency.,Current,384,0.0234375,0.33571057328497045,113957.0,15653.0,4.0,4.0,10240
20260716_agenttrace_frozen_sketch_lfu_k2_rep4,agenttrace_admission_oracle_v4,trace_derived_simulation,86adc13cec5f5a186ade1082f0fb1da4944533a4,pagarsky/agent-trace: nl2bash_1_7B_20260403T211347Z,https://huggingface.co/datasets/pagarsky/agent-trace,Apache-2.0,250313ae096b0bb8c1986b6f571b68f4ff7617a12026db20214ad84188d12ae5,False,CPU-only; no live vLLM request,frozen,sketch,lfu,2,False,4,512,4,10,20260716,adeaaa94150579a366bf3c0888c55df9a128986eeac4084ffb8d0ad86e4036f4,512,128,128,structural agent-turn replay; Oracle-K is offline diagnosis only; no raw source text and no live latency.,Current,384,0.0,0.3271766635104563,100575.0,2271.0,4.0,4.0,896
20260716_agenttrace_frozen_sketch_lfu_k4_rep4,agenttrace_admission_oracle_v4,trace_derived_simulation,86adc13cec5f5a186ade1082f0fb1da4944533a4,pagarsky/agent-trace: nl2bash_1_7B_20260403T211347Z,https://huggingface.co/datasets/pagarsky/agent-trace,Apache-2.0,250313ae096b0bb8c1986b6f571b68f4ff7617a12026db20214ad84188d12ae5,False,CPU-only; no live vLLM request,frozen,sketch,lfu,4,False,4,512,4,10,20260716,adeaaa94150579a366bf3c0888c55df9a128986eeac4084ffb8d0ad86e4036f4,512,128,128,structural agent-turn replay; Oracle-K is offline diagnosis only; no raw source text and no live latency.,Current,384,0.0,0.3271766635104563,100575.0,2271.0,4.0,4.0,1408
20260716_agenttrace_frozen_sketch_lfu_k8_rep4,agenttrace_admission_oracle_v4,trace_derived_simulation,86adc13cec5f5a186ade1082f0fb1da4944533a4,pagarsky/agent-trace: nl2bash_1_7B_20260403T211347Z,https://huggingface.co/datasets/pagarsky/agent-trace,Apache-2.0,250313ae096b0bb8c1986b6f571b68f4ff7617a12026db20214ad84188d12ae5,False,CPU-only; no live vLLM request,frozen,sketch,lfu,8,False,4,512,4,10,20260716,adeaaa94150579a366bf3c0888c55df9a128986eeac4084ffb8d0ad86e4036f4,512,128,128,structural agent-turn replay; Oracle-K is offline diagnosis only; no raw source text and no live latency.,Current,384,0.0,0.3271766635104563,100575.0,2271.0,4.0,4.0,2432
20260716_agenttrace_frozen_sketch_lfu_k16_rep4,agenttrace_admission_oracle_v4,trace_derived_simulation,86adc13cec5f5a186ade1082f0fb1da4944533a4,pagarsky/agent-trace: nl2bash_1_7B_20260403T211347Z,https://huggingface.co/datasets/pagarsky/agent-trace,Apache-2.0,250313ae096b0bb8c1986b6f571b68f4ff7617a12026db20214ad84188d12ae5,False,CPU-only; no live vLLM request,frozen,sketch,lfu,16,False,4,512,4,10,20260716,adeaaa94150579a366bf3c0888c55df9a128986eeac4084ffb8d0ad86e4036f4,512,128,128,structural agent-turn replay; Oracle-K is offline diagnosis only; no raw source text and no live latency.,Current,384,0.010416666666666666,0.3340062431816803,111317.0,13013.0,4.0,4.0,4480
20260716_agenttrace_frozen_sketch_lfu_k32_rep4,agenttrace_admission_oracle_v4,trace_derived_simulation,86adc13cec5f5a186ade1082f0fb1da4944533a4,pagarsky/agent-trace: nl2bash_1_7B_20260403T211347Z,https://huggingface.co/datasets/pagarsky/agent-trace,Apache-2.0,250313ae096b0bb8c1986b6f571b68f4ff7617a12026db20214ad84188d12ae5,False,CPU-only; no live vLLM request,frozen,sketch,lfu,32,False,4,512,4,10,20260716,adeaaa94150579a366bf3c0888c55df9a128986eeac4084ffb8d0ad86e4036f4,512,128,128,structural agent-turn replay; Oracle-K is offline diagnosis only; no raw source text and no live latency.,Current,384,0.0234375,0.33571057328497045,113957.0,15653.0,4.0,4.0,8576
20260716_agenttrace_frozen_sketch_lfu_k64_rep4,agenttrace_admission_oracle_v4,trace_derived_simulation,86adc13cec5f5a186ade1082f0fb1da4944533a4,pagarsky/agent-trace: nl2bash_1_7B_20260403T211347Z,https://huggingface.co/datasets/pagarsky/agent-trace,Apache-2.0,250313ae096b0bb8c1986b6f571b68f4ff7617a12026db20214ad84188d12ae5,False,CPU-only; no live vLLM request,frozen,sketch,lfu,64,False,4,512,4,10,20260716,adeaaa94150579a366bf3c0888c55df9a128986eeac4084ffb8d0ad86e4036f4,512,128,128,structural agent-turn replay; Oracle-K is offline diagnosis only; no raw source text and no live latency.,Current,384,0.0234375,0.33571057328497045,113957.0,15653.0,4.0,4.0,10240
20260716_agenttrace_frozen_sketch_lfu_k128_rep4,agenttrace_admission_oracle_v4,trace_derived_simulation,86adc13cec5f5a186ade1082f0fb1da4944533a4,pagarsky/agent-trace: nl2bash_1_7B_20260403T211347Z,https://huggingface.co/datasets/pagarsky/agent-trace,Apache-2.0,250313ae096b0bb8c1986b6f571b68f4ff7617a12026db20214ad84188d12ae5,False,CPU-only; no live vLLM request,frozen,sketch,lfu,128,False,4,512,4,10,20260716,adeaaa94150579a366bf3c0888c55df9a128986eeac4084ffb8d0ad86e4036f4,512,128,128,structural agent-turn replay; Oracle-K is offline diagnosis only; no raw source text and no live latency.,Current,384,0.0234375,0.33571057328497045,113957.0,15653.0,4.0,4.0,10240
20260716_agenttrace_frozen_sketch_coverage_first_k2_rep4,agenttrace_admission_oracle_v4,trace_derived_simulation,86adc13cec5f5a186ade1082f0fb1da4944533a4,pagarsky/agent-trace: nl2bash_1_7B_20260403T211347Z,https://huggingface.co/datasets/pagarsky/agent-trace,Apache-2.0,250313ae096b0bb8c1986b6f571b68f4ff7617a12026db20214ad84188d12ae5,False,CPU-only; no live vLLM request,frozen,sketch,coverage_first,2,False,4,512,4,10,20260716,adeaaa94150579a366bf3c0888c55df9a128986eeac4084ffb8d0ad86e4036f4,512,128,128,structural agent-turn replay; Oracle-K is offline diagnosis only; no raw source text and no live latency.,Current,384,0.0234375,0.3359379004338023,114179.0,15875.0,0.0,0.0,896
20260716_agenttrace_frozen_sketch_coverage_first_k4_rep4,agenttrace_admission_oracle_v4,trace_derived_simulation,86adc13cec5f5a186ade1082f0fb1da4944533a4,pagarsky/agent-trace: nl2bash_1_7B_20260403T211347Z,https://huggingface.co/datasets/pagarsky/agent-trace,Apache-2.0,250313ae096b0bb8c1986b6f571b68f4ff7617a12026db20214ad84188d12ae5,False,CPU-only; no live vLLM request,frozen,sketch,coverage_first,4,False,4,512,4,10,20260716,adeaaa94150579a366bf3c0888c55df9a128986eeac4084ffb8d0ad86e4036f4,512,128,128,structural agent-turn replay; Oracle-K is offline diagnosis only; no raw source text and no live latency.,Current,384,0.0234375,0.33528691307505626,113940.0,15636.0,0.0,0.0,1408
20260716_agenttrace_frozen_sketch_coverage_first_k8_rep4,agenttrace_admission_oracle_v4,trace_derived_simulation,86adc13cec5f5a186ade1082f0fb1da4944533a4,pagarsky/agent-trace: nl2bash_1_7B_20260403T211347Z,https://huggingface.co/datasets/pagarsky/agent-trace,Apache-2.0,250313ae096b0bb8c1986b6f571b68f4ff7617a12026db20214ad84188d12ae5,False,CPU-only; no live vLLM request,frozen,sketch,coverage_first,8,False,4,512,4,10,20260716,adeaaa94150579a366bf3c0888c55df9a128986eeac4084ffb8d0ad86e4036f4,512,128,128,structural agent-turn replay; Oracle-K is offline diagnosis only; no raw source text and no live latency.,Current,384,0.0234375,0.33598664028219966,114259.0,15955.0,1.0,1.0,2432
20260716_agenttrace_frozen_sketch_coverage_first_k16_rep4,agenttrace_admission_oracle_v4,trace_derived_simulation,86adc13cec5f5a186ade1082f0fb1da4944533a4,pagarsky/agent-trace: nl2bash_1_7B_20260403T211347Z,https://huggingface.co/datasets/pagarsky/agent-trace,Apache-2.0,250313ae096b0bb8c1986b6f571b68f4ff7617a12026db20214ad84188d12ae5,False,CPU-only; no live vLLM request,frozen,sketch,coverage_first,16,False,4,512,4,10,20260716,adeaaa94150579a366bf3c0888c55df9a128986eeac4084ffb8d0ad86e4036f4,512,128,128,structural agent-turn replay; Oracle-K is offline diagnosis only; no raw source text and no live latency.,Current,384,0.0234375,0.33519569758611567,113761.0,15457.0,1.0,1.0,4480
20260716_agenttrace_frozen_sketch_coverage_first_k32_rep4,agenttrace_admission_oracle_v4,trace_derived_simulation,86adc13cec5f5a186ade1082f0fb1da4944533a4,pagarsky/agent-trace: nl2bash_1_7B_20260403T211347Z,https://huggingface.co/datasets/pagarsky/agent-trace,Apache-2.0,250313ae096b0bb8c1986b6f571b68f4ff7617a12026db20214ad84188d12ae5,False,CPU-only; no live vLLM request,frozen,sketch,coverage_first,32,False,4,512,4,10,20260716,adeaaa94150579a366bf3c0888c55df9a128986eeac4084ffb8d0ad86e4036f4,512,128,128,structural agent-turn replay; Oracle-K is offline diagnosis only; no raw source text and no live latency.,Current,384,0.0234375,0.3349953908841384,113789.0,15485.0,1.0,1.0,8576
20260716_agenttrace_frozen_sketch_coverage_first_k64_rep4,agenttrace_admission_oracle_v4,trace_derived_simulation,86adc13cec5f5a186ade1082f0fb1da4944533a4,pagarsky/agent-trace: nl2bash_1_7B_20260403T211347Z,https://huggingface.co/datasets/pagarsky/agent-trace,Apache-2.0,250313ae096b0bb8c1986b6f571b68f4ff7617a12026db20214ad84188d12ae5,False,CPU-only; no live vLLM request,frozen,sketch,coverage_first,64,False,4,512,4,10,20260716,adeaaa94150579a366bf3c0888c55df9a128986eeac4084ffb8d0ad86e4036f4,512,128,128,structural agent-turn replay; Oracle-K is offline diagnosis only; no raw source text and no live latency.,Current,384,0.0234375,0.33571057328497045,113957.0,15653.0,4.0,4.0,10240
20260716_agenttrace_frozen_sketch_coverage_first_k128_rep4,agenttrace_admission_oracle_v4,trace_derived_simulation,86adc13cec5f5a186ade1082f0fb1da4944533a4,pagarsky/agent-trace: nl2bash_1_7B_20260403T211347Z,https://huggingface.co/datasets/pagarsky/agent-trace,Apache-2.0,250313ae096b0bb8c1986b6f571b68f4ff7617a12026db20214ad84188d12ae5,False,CPU-only; no live vLLM request,frozen,sketch,coverage_first,128,False,4,512,4,10,20260716,adeaaa94150579a366bf3c0888c55df9a128986eeac4084ffb8d0ad86e4036f4,512,128,128,structural agent-turn replay; Oracle-K is offline diagnosis only; no raw source text and no live latency.,Current,384,0.0234375,0.33571057328497045,113957.0,15653.0,4.0,4.0,10240
20260716_agenttrace_frozen_sketch_saved_prefill_first_k2_rep4,agenttrace_admission_oracle_v4,trace_derived_simulation,86adc13cec5f5a186ade1082f0fb1da4944533a4,pagarsky/agent-trace: nl2bash_1_7B_20260403T211347Z,https://huggingface.co/datasets/pagarsky/agent-trace,Apache-2.0,250313ae096b0bb8c1986b6f571b68f4ff7617a12026db20214ad84188d12ae5,False,CPU-only; no live vLLM request,frozen,sketch,saved_prefill_first,2,False,4,512,4,10,20260716,adeaaa94150579a366bf3c0888c55df9a128986eeac4084ffb8d0ad86e4036f4,512,128,128,structural agent-turn replay; Oracle-K is offline diagnosis only; no raw source text and no live latency.,Current,384,0.010416666666666666,0.3340062431816803,111317.0,13013.0,4.0,4.0,896
20260716_agenttrace_frozen_sketch_saved_prefill_first_k4_rep4,agenttrace_admission_oracle_v4,trace_derived_simulation,86adc13cec5f5a186ade1082f0fb1da4944533a4,pagarsky/agent-trace: nl2bash_1_7B_20260403T211347Z,https://huggingface.co/datasets/pagarsky/agent-trace,Apache-2.0,250313ae096b0bb8c1986b6f571b68f4ff7617a12026db20214ad84188d12ae5,False,CPU-only; no live vLLM request,frozen,sketch,saved_prefill_first,4,False,4,512,4,10,20260716,adeaaa94150579a366bf3c0888c55df9a128986eeac4084ffb8d0ad86e4036f4,512,128,128,structural agent-turn replay; Oracle-K is offline diagnosis only; no raw source text and no live latency.,Current,384,0.010416666666666666,0.3340062431816803,111317.0,13013.0,4.0,4.0,1408
20260716_agenttrace_frozen_sketch_saved_prefill_first_k8_rep4,agenttrace_admission_oracle_v4,trace_derived_simulation,86adc13cec5f5a186ade1082f0fb1da4944533a4,pagarsky/agent-trace: nl2bash_1_7B_20260403T211347Z,https://huggingface.co/datasets/pagarsky/agent-trace,Apache-2.0,250313ae096b0bb8c1986b6f571b68f4ff7617a12026db20214ad84188d12ae5,False,CPU-only; no live vLLM request,frozen,sketch,saved_prefill_first,8,False,4,512,4,10,20260716,adeaaa94150579a366bf3c0888c55df9a128986eeac4084ffb8d0ad86e4036f4,512,128,128,structural agent-turn replay; Oracle-K is offline diagnosis only; no raw source text and no live latency.,Current,384,0.0234375,0.33571057328497045,113957.0,15653.0,4.0,4.0,2432
20260716_agenttrace_frozen_sketch_saved_prefill_first_k16_rep4,agenttrace_admission_oracle_v4,trace_derived_simulation,86adc13cec5f5a186ade1082f0fb1da4944533a4,pagarsky/agent-trace: nl2bash_1_7B_20260403T211347Z,https://huggingface.co/datasets/pagarsky/agent-trace,Apache-2.0,250313ae096b0bb8c1986b6f571b68f4ff7617a12026db20214ad84188d12ae5,False,CPU-only; no live vLLM request,frozen,sketch,saved_prefill_first,16,False,4,512,4,10,20260716,adeaaa94150579a366bf3c0888c55df9a128986eeac4084ffb8d0ad86e4036f4,512,128,128,structural agent-turn replay; Oracle-K is offline diagnosis only; no raw source text and no live latency.,Current,384,0.0234375,0.33571057328497045,113957.0,15653.0,4.0,4.0,4480
20260716_agenttrace_frozen_sketch_saved_prefill_first_k32_rep4,agenttrace_admission_oracle_v4,trace_derived_simulation,86adc13cec5f5a186ade1082f0fb1da4944533a4,pagarsky/agent-trace: nl2bash_1_7B_20260403T211347Z,https://huggingface.co/datasets/pagarsky/agent-trace,Apache-2.0,250313ae096b0bb8c1986b6f571b68f4ff7617a12026db20214ad84188d12ae5,False,CPU-only; no live vLLM request,frozen,sketch,saved_prefill_first,32,False,4,512,4,10,20260716,adeaaa94150579a366bf3c0888c55df9a128986eeac4084ffb8d0ad86e4036f4,512,128,128,structural agent-turn replay; Oracle-K is offline diagnosis only; no raw source text and no live latency.,Current,384,0.0234375,0.33571057328497045,113957.0,15653.0,4.0,4.0,8576
20260716_agenttrace_frozen_sketch_saved_prefill_first_k64_rep4,agenttrace_admission_oracle_v4,trace_derived_simulation,86adc13cec5f5a186ade1082f0fb1da4944533a4,pagarsky/agent-trace: nl2bash_1_7B_20260403T211347Z,https://huggingface.co/datasets/pagarsky/agent-trace,Apache-2.0,250313ae096b0bb8c1986b6f571b68f4ff7617a12026db20214ad84188d12ae5,False,CPU-only; no live vLLM request,frozen,sketch,saved_prefill_first,64,False,4,512,4,10,20260716,adeaaa94150579a366bf3c0888c55df9a128986eeac4084ffb8d0ad86e4036f4,512,128,128,structural agent-turn replay; Oracle-K is offline diagnosis only; no raw source text and no live latency.,Current,384,0.0234375,0.33571057328497045,113957.0,15653.0,4.0,4.0,10240
20260716_agenttrace_frozen_sketch_saved_prefill_first_k128_rep4,agenttrace_admission_oracle_v4,trace_derived_simulation,86adc13cec5f5a186ade1082f0fb1da4944533a4,pagarsky/agent-trace: nl2bash_1_7B_20260403T211347Z,https://huggingface.co/datasets/pagarsky/agent-trace,Apache-2.0,250313ae096b0bb8c1986b6f571b68f4ff7617a12026db20214ad84188d12ae5,False,CPU-only; no live vLLM request,frozen,sketch,saved_prefill_first,128,False,4,512,4,10,20260716,adeaaa94150579a366bf3c0888c55df9a128986eeac4084ffb8d0ad86e4036f4,512,128,128,structural agent-turn replay; Oracle-K is offline diagnosis only; no raw source text and no live latency.,Current,384,0.0234375,0.33571057328497045,113957.0,15653.0,4.0,4.0,10240
20260716_agenttrace_frozen_sketch_reuse_distance_k2_rep4,agenttrace_admission_oracle_v4,trace_derived_simulation,86adc13cec5f5a186ade1082f0fb1da4944533a4,pagarsky/agent-trace: nl2bash_1_7B_20260403T211347Z,https://huggingface.co/datasets/pagarsky/agent-trace,Apache-2.0,250313ae096b0bb8c1986b6f571b68f4ff7617a12026db20214ad84188d12ae5,False,CPU-only; no live vLLM request,frozen,sketch,reuse_distance,2,False,4,512,4,10,20260716,adeaaa94150579a366bf3c0888c55df9a128986eeac4084ffb8d0ad86e4036f4,512,128,128,structural agent-turn replay; Oracle-K is offline diagnosis only; no raw source text and no live latency.,Current,384,0.0234375,0.3359379004338023,114179.0,15875.0,0.0,0.0,896
20260716_agenttrace_frozen_sketch_reuse_distance_k4_rep4,agenttrace_admission_oracle_v4,trace_derived_simulation,86adc13cec5f5a186ade1082f0fb1da4944533a4,pagarsky/agent-trace: nl2bash_1_7B_20260403T211347Z,https://huggingface.co/datasets/pagarsky/agent-trace,Apache-2.0,250313ae096b0bb8c1986b6f571b68f4ff7617a12026db20214ad84188d12ae5,False,CPU-only; no live vLLM request,frozen,sketch,reuse_distance,4,False,4,512,4,10,20260716,adeaaa94150579a366bf3c0888c55df9a128986eeac4084ffb8d0ad86e4036f4,512,128,128,structural agent-turn replay; Oracle-K is offline diagnosis only; no raw source text and no live latency.,Current,384,0.0234375,0.3352292547242739,113781.0,15477.0,0.0,0.0,1408
20260716_agenttrace_frozen_sketch_reuse_distance_k8_rep4,agenttrace_admission_oracle_v4,trace_derived_simulation,86adc13cec5f5a186ade1082f0fb1da4944533a4,pagarsky/agent-trace: nl2bash_1_7B_20260403T211347Z,https://huggingface.co/datasets/pagarsky/agent-trace,Apache-2.0,250313ae096b0bb8c1986b6f571b68f4ff7617a12026db20214ad84188d12ae5,False,CPU-only; no live vLLM request,frozen,sketch,reuse_distance,8,False,4,512,4,10,20260716,adeaaa94150579a366bf3c0888c55df9a128986eeac4084ffb8d0ad86e4036f4,512,128,128,structural agent-turn replay; Oracle-K is offline diagnosis only; no raw source text and no live latency.,Current,384,0.0234375,0.33598664028219966,114259.0,15955.0,1.0,1.0,2432
20260716_agenttrace_frozen_sketch_reuse_distance_k16_rep4,agenttrace_admission_oracle_v4,trace_derived_simulation,86adc13cec5f5a186ade1082f0fb1da4944533a4,pagarsky/agent-trace: nl2bash_1_7B_20260403T211347Z,https://huggingface.co/datasets/pagarsky/agent-trace,Apache-2.0,250313ae096b0bb8c1986b6f571b68f4ff7617a12026db20214ad84188d12ae5,False,CPU-only; no live vLLM request,frozen,sketch,reuse_distance,16,False,4,512,4,10,20260716,adeaaa94150579a366bf3c0888c55df9a128986eeac4084ffb8d0ad86e4036f4,512,128,128,structural agent-turn replay; Oracle-K is offline diagnosis only; no raw source text and no live latency.,Current,384,0.0234375,0.3348153911614218,113500.0,15196.0,1.0,1.0,4480
20260716_agenttrace_frozen_sketch_reuse_distance_k32_rep4,agenttrace_admission_oracle_v4,trace_derived_simulation,86adc13cec5f5a186ade1082f0fb1da4944533a4,pagarsky/agent-trace: nl2bash_1_7B_20260403T211347Z,https://huggingface.co/datasets/pagarsky/agent-trace,Apache-2.0,250313ae096b0bb8c1986b6f571b68f4ff7617a12026db20214ad84188d12ae5,False,CPU-only; no live vLLM request,frozen,sketch,reuse_distance,32,False,4,512,4,10,20260716,adeaaa94150579a366bf3c0888c55df9a128986eeac4084ffb8d0ad86e4036f4,512,128,128,structural agent-turn replay; Oracle-K is offline diagnosis only; no raw source text and no live latency.,Current,384,0.0234375,0.3349794381253916,113638.0,15334.0,1.0,1.0,8576
20260716_agenttrace_frozen_sketch_reuse_distance_k64_rep4,agenttrace_admission_oracle_v4,trace_derived_simulation,86adc13cec5f5a186ade1082f0fb1da4944533a4,pagarsky/agent-trace: nl2bash_1_7B_20260403T211347Z,https://huggingface.co/datasets/pagarsky/agent-trace,Apache-2.0,250313ae096b0bb8c1986b6f571b68f4ff7617a12026db20214ad84188d12ae5,False,CPU-only; no live vLLM request,frozen,sketch,reuse_distance,64,False,4,512,4,10,20260716,adeaaa94150579a366bf3c0888c55df9a128986eeac4084ffb8d0ad86e4036f4,512,128,128,structural agent-turn replay; Oracle-K is offline diagnosis only; no raw source text and no live latency.,Current,384,0.0234375,0.33571057328497045,113957.0,15653.0,4.0,4.0,10240
20260716_agenttrace_frozen_sketch_reuse_distance_k128_rep4,agenttrace_admission_oracle_v4,trace_derived_simulation,86adc13cec5f5a186ade1082f0fb1da4944533a4,pagarsky/agent-trace: nl2bash_1_7B_20260403T211347Z,https://huggingface.co/datasets/pagarsky/agent-trace,Apache-2.0,250313ae096b0bb8c1986b6f571b68f4ff7617a12026db20214ad84188d12ae5,False,CPU-only; no live vLLM request,frozen,sketch,reuse_distance,128,False,4,512,4,10,20260716,adeaaa94150579a366bf3c0888c55df9a128986eeac4084ffb8d0ad86e4036f4,512,128,128,structural agent-turn replay; Oracle-K is offline diagnosis only; no raw source text and no live latency.,Current,384,0.0234375,0.33571057328497045,113957.0,15653.0,4.0,4.0,10240
20260716_agenttrace_frozen_sketch_oracle_future_value_k2_rep4,agenttrace_admission_oracle_v4,trace_derived_simulation,86adc13cec5f5a186ade1082f0fb1da4944533a4,pagarsky/agent-trace: nl2bash_1_7B_20260403T211347Z,https://huggingface.co/datasets/pagarsky/agent-trace,Apache-2.0,250313ae096b0bb8c1986b6f571b68f4ff7617a12026db20214ad84188d12ae5,False,CPU-only; no live vLLM request,frozen,sketch,oracle_future_value,2,True,4,512,4,10,20260716,adeaaa94150579a366bf3c0888c55df9a128986eeac4084ffb8d0ad86e4036f4,512,128,128,structural agent-turn replay; Oracle-K is offline diagnosis only; no raw source text and no live latency.,UpperBoundOnly,384,0.0234375,0.33539435332510675,113948.0,15644.0,0.0,0.0,896
20260716_agenttrace_frozen_sketch_oracle_future_value_k4_rep4,agenttrace_admission_oracle_v4,trace_derived_simulation,86adc13cec5f5a186ade1082f0fb1da4944533a4,pagarsky/agent-trace: nl2bash_1_7B_20260403T211347Z,https://huggingface.co/datasets/pagarsky/agent-trace,Apache-2.0,250313ae096b0bb8c1986b6f571b68f4ff7617a12026db20214ad84188d12ae5,False,CPU-only; no live vLLM request,frozen,sketch,oracle_future_value,4,True,4,512,4,10,20260716,adeaaa94150579a366bf3c0888c55df9a128986eeac4084ffb8d0ad86e4036f4,512,128,128,structural agent-turn replay; Oracle-K is offline diagnosis only; no raw source text and no live latency.,UpperBoundOnly,384,0.0234375,0.3351531833451392,113851.0,15547.0,1.0,1.0,1408
20260716_agenttrace_frozen_sketch_oracle_future_value_k8_rep4,agenttrace_admission_oracle_v4,trace_derived_simulation,86adc13cec5f5a186ade1082f0fb1da4944533a4,pagarsky/agent-trace: nl2bash_1_7B_20260403T211347Z,https://huggingface.co/datasets/pagarsky/agent-trace,Apache-2.0,250313ae096b0bb8c1986b6f571b68f4ff7617a12026db20214ad84188d12ae5,False,CPU-only; no live vLLM request,frozen,sketch,oracle_future_value,8,True,4,512,4,10,20260716,adeaaa94150579a366bf3c0888c55df9a128986eeac4084ffb8d0ad86e4036f4,512,128,128,structural agent-turn replay; Oracle-K is offline diagnosis only; no raw source text and no live latency.,UpperBoundOnly,384,0.0234375,0.33487602685804585,113768.0,15464.0,1.0,1.0,2432
20260716_agenttrace_frozen_sketch_oracle_future_value_k16_rep4,agenttrace_admission_oracle_v4,trace_derived_simulation,86adc13cec5f5a186ade1082f0fb1da4944533a4,pagarsky/agent-trace: nl2bash_1_7B_20260403T211347Z,https://huggingface.co/datasets/pagarsky/agent-trace,Apache-2.0,250313ae096b0bb8c1986b6f571b68f4ff7617a12026db20214ad84188d12ae5,False,CPU-only; no live vLLM request,frozen,sketch,oracle_future_value,16,True,4,512,4,10,20260716,adeaaa94150579a366bf3c0888c55df9a128986eeac4084ffb8d0ad86e4036f4,512,128,128,structural agent-turn replay; Oracle-K is offline diagnosis only; no raw source text and no live latency.,UpperBoundOnly,384,0.0234375,0.3347867003020021,113676.0,15372.0,1.0,1.0,4480
20260716_agenttrace_frozen_sketch_oracle_future_value_k32_rep4,agenttrace_admission_oracle_v4,trace_derived_simulation,86adc13cec5f5a186ade1082f0fb1da4944533a4,pagarsky/agent-trace: nl2bash_1_7B_20260403T211347Z,https://huggingface.co/datasets/pagarsky/agent-trace,Apache-2.0,250313ae096b0bb8c1986b6f571b68f4ff7617a12026db20214ad84188d12ae5,False,CPU-only; no live vLLM request,frozen,sketch,oracle_future_value,32,True,4,512,4,10,20260716,adeaaa94150579a366bf3c0888c55df9a128986eeac4084ffb8d0ad86e4036f4,512,128,128,structural agent-turn replay; Oracle-K is offline diagnosis only; no raw source text and no live latency.,UpperBoundOnly,384,0.0234375,0.33548697962005375,114065.0,15761.0,1.0,1.0,8576
20260716_agenttrace_frozen_sketch_oracle_future_value_k64_rep4,agenttrace_admission_oracle_v4,trace_derived_simulation,86adc13cec5f5a186ade1082f0fb1da4944533a4,pagarsky/agent-trace: nl2bash_1_7B_20260403T211347Z,https://huggingface.co/datasets/pagarsky/agent-trace,Apache-2.0,250313ae096b0bb8c1986b6f571b68f4ff7617a12026db20214ad84188d12ae5,False,CPU-only; no live vLLM request,frozen,sketch,oracle_future_value,64,True,4,512,4,10,20260716,adeaaa94150579a366bf3c0888c55df9a128986eeac4084ffb8d0ad86e4036f4,512,128,128,structural agent-turn replay; Oracle-K is offline diagnosis only; no raw source text and no live latency.,UpperBoundOnly,384,0.0234375,0.33571057328497045,113957.0,15653.0,4.0,4.0,10240
20260716_agenttrace_frozen_sketch_oracle_future_value_k128_rep4,agenttrace_admission_oracle_v4,trace_derived_simulation,86adc13cec5f5a186ade1082f0fb1da4944533a4,pagarsky/agent-trace: nl2bash_1_7B_20260403T211347Z,https://huggingface.co/datasets/pagarsky/agent-trace,Apache-2.0,250313ae096b0bb8c1986b6f571b68f4ff7617a12026db20214ad84188d12ae5,False,CPU-only; no live vLLM request,frozen,sketch,oracle_future_value,128,True,4,512,4,10,20260716,adeaaa94150579a366bf3c0888c55df9a128986eeac4084ffb8d0ad86e4036f4,512,128,128,structural agent-turn replay; Oracle-K is offline diagnosis only; no raw source text and no live latency.,UpperBoundOnly,384,0.0234375,0.33571057328497045,113957.0,15653.0,4.0,4.0,10240
20260716_agenttrace_closed_loop_load_only_kinf_rep4,agenttrace_admission_oracle_v4,trace_derived_simulation,86adc13cec5f5a186ade1082f0fb1da4944533a4,pagarsky/agent-trace: nl2bash_1_7B_20260403T211347Z,https://huggingface.co/datasets/pagarsky/agent-trace,Apache-2.0,250313ae096b0bb8c1986b6f571b68f4ff7617a12026db20214ad84188d12ae5,False,CPU-only; no live vLLM request,closed_loop,load_only,none,inf,False,4,512,4,10,20260716,adeaaa94150579a366bf3c0888c55df9a128986eeac4084ffb8d0ad86e4036f4,512,128,128,structural agent-turn replay; Oracle-K is offline diagnosis only; no raw source text and no live latency.,Current,384,0.0,0.35927017460466154,146086.0,47782.0,0.0,0.0,384
20260716_agenttrace_closed_loop_exact_kinf_rep4,agenttrace_admission_oracle_v4,trace_derived_simulation,86adc13cec5f5a186ade1082f0fb1da4944533a4,pagarsky/agent-trace: nl2bash_1_7B_20260403T211347Z,https://huggingface.co/datasets/pagarsky/agent-trace,Apache-2.0,250313ae096b0bb8c1986b6f571b68f4ff7617a12026db20214ad84188d12ae5,False,CPU-only; no live vLLM request,closed_loop,exact,exact,inf,False,4,512,4,10,20260716,adeaaa94150579a366bf3c0888c55df9a128986eeac4084ffb8d0ad86e4036f4,512,128,128,structural agent-turn replay; Oracle-K is offline diagnosis only; no raw source text and no live latency.,Current,384,0.1328125,0.40098252646559657,201491.0,103187.0,3.0,3.0,16896
20260716_agenttrace_closed_loop_sketch_lru_k2_rep4,agenttrace_admission_oracle_v4,trace_derived_simulation,86adc13cec5f5a186ade1082f0fb1da4944533a4,pagarsky/agent-trace: nl2bash_1_7B_20260403T211347Z,https://huggingface.co/datasets/pagarsky/agent-trace,Apache-2.0,250313ae096b0bb8c1986b6f571b68f4ff7617a12026db20214ad84188d12ae5,False,CPU-only; no live vLLM request,closed_loop,sketch,lru,2,False,4,512,4,10,20260716,adeaaa94150579a366bf3c0888c55df9a128986eeac4084ffb8d0ad86e4036f4,512,128,128,structural agent-turn replay; Oracle-K is offline diagnosis only; no raw source text and no live latency.,Current,384,0.0026041666666666665,0.3756077007503705,167831.0,69527.0,3.0,3.0,768
20260716_agenttrace_closed_loop_sketch_lru_k4_rep4,agenttrace_admission_oracle_v4,trace_derived_simulation,86adc13cec5f5a186ade1082f0fb1da4944533a4,pagarsky/agent-trace: nl2bash_1_7B_20260403T211347Z,https://huggingface.co/datasets/pagarsky/agent-trace,Apache-2.0,250313ae096b0bb8c1986b6f571b68f4ff7617a12026db20214ad84188d12ae5,False,CPU-only; no live vLLM request,closed_loop,sketch,lru,4,False,4,512,4,10,20260716,adeaaa94150579a366bf3c0888c55df9a128986eeac4084ffb8d0ad86e4036f4,512,128,128,structural agent-turn replay; Oracle-K is offline diagnosis only; no raw source text and no live latency.,Current,384,0.010416666666666666,0.37957572617280416,172097.0,73793.0,3.0,3.0,1024
20260716_agenttrace_closed_loop_sketch_lru_k8_rep4,agenttrace_admission_oracle_v4,trace_derived_simulation,86adc13cec5f5a186ade1082f0fb1da4944533a4,pagarsky/agent-trace: nl2bash_1_7B_20260403T211347Z,https://huggingface.co/datasets/pagarsky/agent-trace,Apache-2.0,250313ae096b0bb8c1986b6f571b68f4ff7617a12026db20214ad84188d12ae5,False,CPU-only; no live vLLM request,closed_loop,sketch,lru,8,False,4,512,4,10,20260716,adeaaa94150579a366bf3c0888c55df9a128986eeac4084ffb8d0ad86e4036f4,512,128,128,structural agent-turn replay; Oracle-K is offline diagnosis only; no raw source text and no live latency.,Current,384,0.013020833333333334,0.3809852015539931,172935.0,74631.0,3.0,3.0,1536
20260716_agenttrace_closed_loop_sketch_lru_k16_rep4,agenttrace_admission_oracle_v4,trace_derived_simulation,86adc13cec5f5a186ade1082f0fb1da4944533a4,pagarsky/agent-trace: nl2bash_1_7B_20260403T211347Z,https://huggingface.co/datasets/pagarsky/agent-trace,Apache-2.0,250313ae096b0bb8c1986b6f571b68f4ff7617a12026db20214ad84188d12ae5,False,CPU-only; no live vLLM request,closed_loop,sketch,lru,16,False,4,512,4,10,20260716,adeaaa94150579a366bf3c0888c55df9a128986eeac4084ffb8d0ad86e4036f4,512,128,128,structural agent-turn replay; Oracle-K is offline diagnosis only; no raw source text and no live latency.,Current,384,0.026041666666666668,0.38152320475693696,173904.0,75600.0,3.0,3.0,2560
20260716_agenttrace_closed_loop_sketch_lru_k32_rep4,agenttrace_admission_oracle_v4,trace_derived_simulation,86adc13cec5f5a186ade1082f0fb1da4944533a4,pagarsky/agent-trace: nl2bash_1_7B_20260403T211347Z,https://huggingface.co/datasets/pagarsky/agent-trace,Apache-2.0,250313ae096b0bb8c1986b6f571b68f4ff7617a12026db20214ad84188d12ae5,False,CPU-only; no live vLLM request,closed_loop,sketch,lru,32,False,4,512,4,10,20260716,adeaaa94150579a366bf3c0888c55df9a128986eeac4084ffb8d0ad86e4036f4,512,128,128,structural agent-turn replay; Oracle-K is offline diagnosis only; no raw source text and no live latency.,Current,384,0.057291666666666664,0.38502867700711185,178709.0,80405.0,3.0,3.0,4608
20260716_agenttrace_closed_loop_sketch_lru_k64_rep4,agenttrace_admission_oracle_v4,trace_derived_simulation,86adc13cec5f5a186ade1082f0fb1da4944533a4,pagarsky/agent-trace: nl2bash_1_7B_20260403T211347Z,https://huggingface.co/datasets/pagarsky/agent-trace,Apache-2.0,250313ae096b0bb8c1986b6f571b68f4ff7617a12026db20214ad84188d12ae5,False,CPU-only; no live vLLM request,closed_loop,sketch,lru,64,False,4,512,4,10,20260716,adeaaa94150579a366bf3c0888c55df9a128986eeac4084ffb8d0ad86e4036f4,512,128,128,structural agent-turn replay; Oracle-K is offline diagnosis only; no raw source text and no live latency.,Current,384,0.078125,0.38482972073846466,178001.0,79697.0,3.0,3.0,8704
20260716_agenttrace_closed_loop_sketch_lru_k128_rep4,agenttrace_admission_oracle_v4,trace_derived_simulation,86adc13cec5f5a186ade1082f0fb1da4944533a4,pagarsky/agent-trace: nl2bash_1_7B_20260403T211347Z,https://huggingface.co/datasets/pagarsky/agent-trace,Apache-2.0,250313ae096b0bb8c1986b6f571b68f4ff7617a12026db20214ad84188d12ae5,False,CPU-only; no live vLLM request,closed_loop,sketch,lru,128,False,4,512,4,10,20260716,adeaaa94150579a366bf3c0888c55df9a128986eeac4084ffb8d0ad86e4036f4,512,128,128,structural agent-turn replay; Oracle-K is offline diagnosis only; no raw source text and no live latency.,Current,384,0.1328125,0.40098252646559657,201491.0,103187.0,3.0,3.0,16896
20260716_agenttrace_closed_loop_sketch_lfu_k2_rep4,agenttrace_admission_oracle_v4,trace_derived_simulation,86adc13cec5f5a186ade1082f0fb1da4944533a4,pagarsky/agent-trace: nl2bash_1_7B_20260403T211347Z,https://huggingface.co/datasets/pagarsky/agent-trace,Apache-2.0,250313ae096b0bb8c1986b6f571b68f4ff7617a12026db20214ad84188d12ae5,False,CPU-only; no live vLLM request,closed_loop,sketch,lfu,2,False,4,512,4,10,20260716,adeaaa94150579a366bf3c0888c55df9a128986eeac4084ffb8d0ad86e4036f4,512,128,128,structural agent-turn replay; Oracle-K is offline diagnosis only; no raw source text and no live latency.,Current,384,0.0,0.3756077007503705,167831.0,69527.0,3.0,3.0,768
20260716_agenttrace_closed_loop_sketch_lfu_k4_rep4,agenttrace_admission_oracle_v4,trace_derived_simulation,86adc13cec5f5a186ade1082f0fb1da4944533a4,pagarsky/agent-trace: nl2bash_1_7B_20260403T211347Z,https://huggingface.co/datasets/pagarsky/agent-trace,Apache-2.0,250313ae096b0bb8c1986b6f571b68f4ff7617a12026db20214ad84188d12ae5,False,CPU-only; no live vLLM request,closed_loop,sketch,lfu,4,False,4,512,4,10,20260716,adeaaa94150579a366bf3c0888c55df9a128986eeac4084ffb8d0ad86e4036f4,512,128,128,structural agent-turn replay; Oracle-K is offline diagnosis only; no raw source text and no live latency.,Current,384,0.0026041666666666665,0.37352741917484966,164559.0,66255.0,3.0,3.0,1024
20260716_agenttrace_closed_loop_sketch_lfu_k8_rep4,agenttrace_admission_oracle_v4,trace_derived_simulation,86adc13cec5f5a186ade1082f0fb1da4944533a4,pagarsky/agent-trace: nl2bash_1_7B_20260403T211347Z,https://huggingface.co/datasets/pagarsky/agent-trace,Apache-2.0,250313ae096b0bb8c1986b6f571b68f4ff7617a12026db20214ad84188d12ae5,False,CPU-only; no live vLLM request,closed_loop,sketch,lfu,8,False,4,512,4,10,20260716,adeaaa94150579a366bf3c0888c55df9a128986eeac4084ffb8d0ad86e4036f4,512,128,128,structural agent-turn replay; Oracle-K is offline diagnosis only; no raw source text and no live latency.,Current,384,0.0026041666666666665,0.37352741917484966,164559.0,66255.0,3.0,3.0,1536
20260716_agenttrace_closed_loop_sketch_lfu_k16_rep4,agenttrace_admission_oracle_v4,trace_derived_simulation,86adc13cec5f5a186ade1082f0fb1da4944533a4,pagarsky/agent-trace: nl2bash_1_7B_20260403T211347Z,https://huggingface.co/datasets/pagarsky/agent-trace,Apache-2.0,250313ae096b0bb8c1986b6f571b68f4ff7617a12026db20214ad84188d12ae5,False,CPU-only; no live vLLM request,closed_loop,sketch,lfu,16,False,4,512,4,10,20260716,adeaaa94150579a366bf3c0888c55df9a128986eeac4084ffb8d0ad86e4036f4,512,128,128,structural agent-turn replay; Oracle-K is offline diagnosis only; no raw source text and no live latency.,Current,384,0.0078125,0.3720181617665198,162369.0,64065.0,3.0,3.0,2560
20260716_agenttrace_closed_loop_sketch_lfu_k32_rep4,agenttrace_admission_oracle_v4,trace_derived_simulation,86adc13cec5f5a186ade1082f0fb1da4944533a4,pagarsky/agent-trace: nl2bash_1_7B_20260403T211347Z,https://huggingface.co/datasets/pagarsky/agent-trace,Apache-2.0,250313ae096b0bb8c1986b6f571b68f4ff7617a12026db20214ad84188d12ae5,False,CPU-only; no live vLLM request,closed_loop,sketch,lfu,32,False,4,512,4,10,20260716,adeaaa94150579a366bf3c0888c55df9a128986eeac4084ffb8d0ad86e4036f4,512,128,128,structural agent-turn replay; Oracle-K is offline diagnosis only; no raw source text and no live latency.,Current,384,0.020833333333333332,0.3719402426544485,163101.0,64797.0,3.0,3.0,4608
20260716_agenttrace_closed_loop_sketch_lfu_k64_rep4,agenttrace_admission_oracle_v4,trace_derived_simulation,86adc13cec5f5a186ade1082f0fb1da4944533a4,pagarsky/agent-trace: nl2bash_1_7B_20260403T211347Z,https://huggingface.co/datasets/pagarsky/agent-trace,Apache-2.0,250313ae096b0bb8c1986b6f571b68f4ff7617a12026db20214ad84188d12ae5,False,CPU-only; no live vLLM request,closed_loop,sketch,lfu,64,False,4,512,4,10,20260716,adeaaa94150579a366bf3c0888c55df9a128986eeac4084ffb8d0ad86e4036f4,512,128,128,structural agent-turn replay; Oracle-K is offline diagnosis only; no raw source text and no live latency.,Current,384,0.0625,0.37737884942758826,169640.0,71336.0,3.0,3.0,8704
20260716_agenttrace_closed_loop_sketch_lfu_k128_rep4,agenttrace_admission_oracle_v4,trace_derived_simulation,86adc13cec5f5a186ade1082f0fb1da4944533a4,pagarsky/agent-trace: nl2bash_1_7B_20260403T211347Z,https://huggingface.co/datasets/pagarsky/agent-trace,Apache-2.0,250313ae096b0bb8c1986b6f571b68f4ff7617a12026db20214ad84188d12ae5,False,CPU-only; no live vLLM request,closed_loop,sketch,lfu,128,False,4,512,4,10,20260716,adeaaa94150579a366bf3c0888c55df9a128986eeac4084ffb8d0ad86e4036f4,512,128,128,structural agent-turn replay; Oracle-K is offline diagnosis only; no raw source text and no live latency.,Current,384,0.1328125,0.40098252646559657,201491.0,103187.0,3.0,3.0,16896
20260716_agenttrace_closed_loop_sketch_coverage_first_k2_rep4,agenttrace_admission_oracle_v4,trace_derived_simulation,86adc13cec5f5a186ade1082f0fb1da4944533a4,pagarsky/agent-trace: nl2bash_1_7B_20260403T211347Z,https://huggingface.co/datasets/pagarsky/agent-trace,Apache-2.0,250313ae096b0bb8c1986b6f571b68f4ff7617a12026db20214ad84188d12ae5,False,CPU-only; no live vLLM request,closed_loop,sketch,coverage_first,2,False,4,512,4,10,20260716,adeaaa94150579a366bf3c0888c55df9a128986eeac4084ffb8d0ad86e4036f4,512,128,128,structural agent-turn replay; Oracle-K is offline diagnosis only; no raw source text and no live latency.,Current,384,0.013020833333333334,0.3799763241740455,174806.0,76502.0,1.0,1.0,768
20260716_agenttrace_closed_loop_sketch_coverage_first_k4_rep4,agenttrace_admission_oracle_v4,trace_derived_simulation,86adc13cec5f5a186ade1082f0fb1da4944533a4,pagarsky/agent-trace: nl2bash_1_7B_20260403T211347Z,https://huggingface.co/datasets/pagarsky/agent-trace,Apache-2.0,250313ae096b0bb8c1986b6f571b68f4ff7617a12026db20214ad84188d12ae5,False,CPU-only; no live vLLM request,closed_loop,sketch,coverage_first,4,False,4,512,4,10,20260716,adeaaa94150579a366bf3c0888c55df9a128986eeac4084ffb8d0ad86e4036f4,512,128,128,structural agent-turn replay; Oracle-K is offline diagnosis only; no raw source text and no live latency.,Current,384,0.026041666666666668,0.3813848702681218,176133.0,77829.0,1.0,1.0,1024
20260716_agenttrace_closed_loop_sketch_coverage_first_k8_rep4,agenttrace_admission_oracle_v4,trace_derived_simulation,86adc13cec5f5a186ade1082f0fb1da4944533a4,pagarsky/agent-trace: nl2bash_1_7B_20260403T211347Z,https://huggingface.co/datasets/pagarsky/agent-trace,Apache-2.0,250313ae096b0bb8c1986b6f571b68f4ff7617a12026db20214ad84188d12ae5,False,CPU-only; no live vLLM request,closed_loop,sketch,coverage_first,8,False,4,512,4,10,20260716,adeaaa94150579a366bf3c0888c55df9a128986eeac4084ffb8d0ad86e4036f4,512,128,128,structural agent-turn replay; Oracle-K is offline diagnosis only; no raw source text and no live latency.,Current,384,0.052083333333333336,0.38558336956759814,181707.0,83403.0,2.0,2.0,1536
20260716_agenttrace_closed_loop_sketch_coverage_first_k16_rep4,agenttrace_admission_oracle_v4,trace_derived_simulation,86adc13cec5f5a186ade1082f0fb1da4944533a4,pagarsky/agent-trace: nl2bash_1_7B_20260403T211347Z,https://huggingface.co/datasets/pagarsky/agent-trace,Apache-2.0,250313ae096b0bb8c1986b6f571b68f4ff7617a12026db20214ad84188d12ae5,False,CPU-only; no live vLLM request,closed_loop,sketch,coverage_first,16,False,4,512,4,10,20260716,adeaaa94150579a366bf3c0888c55df9a128986eeac4084ffb8d0ad86e4036f4,512,128,128,structural agent-turn replay; Oracle-K is offline diagnosis only; no raw source text and no live latency.,Current,384,0.078125,0.3935666467237628,192792.0,94488.0,2.0,2.0,2560
20260716_agenttrace_closed_loop_sketch_coverage_first_k32_rep4,agenttrace_admission_oracle_v4,trace_derived_simulation,86adc13cec5f5a186ade1082f0fb1da4944533a4,pagarsky/agent-trace: nl2bash_1_7B_20260403T211347Z,https://huggingface.co/datasets/pagarsky/agent-trace,Apache-2.0,250313ae096b0bb8c1986b6f571b68f4ff7617a12026db20214ad84188d12ae5,False,CPU-only; no live vLLM request,closed_loop,sketch,coverage_first,32,False,4,512,4,10,20260716,adeaaa94150579a366bf3c0888c55df9a128986eeac4084ffb8d0ad86e4036f4,512,128,128,structural agent-turn replay; Oracle-K is offline diagnosis only; no raw source text and no live latency.,Current,384,0.11458333333333333,0.3973695715730737,196423.0,98119.0,2.0,2.0,4608
20260716_agenttrace_closed_loop_sketch_coverage_first_k64_rep4,agenttrace_admission_oracle_v4,trace_derived_simulation,86adc13cec5f5a186ade1082f0fb1da4944533a4,pagarsky/agent-trace: nl2bash_1_7B_20260403T211347Z,https://huggingface.co/datasets/pagarsky/agent-trace,Apache-2.0,250313ae096b0bb8c1986b6f571b68f4ff7617a12026db20214ad84188d12ae5,False,CPU-only; no live vLLM request,closed_loop,sketch,coverage_first,64,False,4,512,4,10,20260716,adeaaa94150579a366bf3c0888c55df9a128986eeac4084ffb8d0ad86e4036f4,512,128,128,structural agent-turn replay; Oracle-K is offline diagnosis only; no raw source text and no live latency.,Current,384,0.1328125,0.40098252646559657,201491.0,103187.0,2.0,2.0,8704
20260716_agenttrace_closed_loop_sketch_coverage_first_k128_rep4,agenttrace_admission_oracle_v4,trace_derived_simulation,86adc13cec5f5a186ade1082f0fb1da4944533a4,pagarsky/agent-trace: nl2bash_1_7B_20260403T211347Z,https://huggingface.co/datasets/pagarsky/agent-trace,Apache-2.0,250313ae096b0bb8c1986b6f571b68f4ff7617a12026db20214ad84188d12ae5,False,CPU-only; no live vLLM request,closed_loop,sketch,coverage_first,128,False,4,512,4,10,20260716,adeaaa94150579a366bf3c0888c55df9a128986eeac4084ffb8d0ad86e4036f4,512,128,128,structural agent-turn replay; Oracle-K is offline diagnosis only; no raw source text and no live latency.,Current,384,0.1328125,0.40098252646559657,201491.0,103187.0,3.0,3.0,16896
20260716_agenttrace_closed_loop_sketch_saved_prefill_first_k2_rep4,agenttrace_admission_oracle_v4,trace_derived_simulation,86adc13cec5f5a186ade1082f0fb1da4944533a4,pagarsky/agent-trace: nl2bash_1_7B_20260403T211347Z,https://huggingface.co/datasets/pagarsky/agent-trace,Apache-2.0,250313ae096b0bb8c1986b6f571b68f4ff7617a12026db20214ad84188d12ae5,False,CPU-only; no live vLLM request,closed_loop,sketch,saved_prefill_first,2,False,4,512,4,10,20260716,adeaaa94150579a366bf3c0888c55df9a128986eeac4084ffb8d0ad86e4036f4,512,128,128,structural agent-turn replay; Oracle-K is offline diagnosis only; no raw source text and no live latency.,Current,384,0.0026041666666666665,0.37548690200362567,167641.0,69337.0,3.0,3.0,768
20260716_agenttrace_closed_loop_sketch_saved_prefill_first_k4_rep4,agenttrace_admission_oracle_v4,trace_derived_simulation,86adc13cec5f5a186ade1082f0fb1da4944533a4,pagarsky/agent-trace: nl2bash_1_7B_20260403T211347Z,https://huggingface.co/datasets/pagarsky/agent-trace,Apache-2.0,250313ae096b0bb8c1986b6f571b68f4ff7617a12026db20214ad84188d12ae5,False,CPU-only; no live vLLM request,closed_loop,sketch,saved_prefill_first,4,False,4,512,4,10,20260716,adeaaa94150579a366bf3c0888c55df9a128986eeac4084ffb8d0ad86e4036f4,512,128,128,structural agent-turn replay; Oracle-K is offline diagnosis only; no raw source text and no live latency.,Current,384,0.010416666666666666,0.37770975821538666,171241.0,72937.0,3.0,3.0,1024
20260716_agenttrace_closed_loop_sketch_saved_prefill_first_k8_rep4,agenttrace_admission_oracle_v4,trace_derived_simulation,86adc13cec5f5a186ade1082f0fb1da4944533a4,pagarsky/agent-trace: nl2bash_1_7B_20260403T211347Z,https://huggingface.co/datasets/pagarsky/agent-trace,Apache-2.0,250313ae096b0bb8c1986b6f571b68f4ff7617a12026db20214ad84188d12ae5,False,CPU-only; no live vLLM request,closed_loop,sketch,saved_prefill_first,8,False,4,512,4,10,20260716,adeaaa94150579a366bf3c0888c55df9a128986eeac4084ffb8d0ad86e4036f4,512,128,128,structural agent-turn replay; Oracle-K is offline diagnosis only; no raw source text and no live latency.,Current,384,0.020833333333333332,0.37478036709542434,167038.0,68734.0,3.0,3.0,1536
20260716_agenttrace_closed_loop_sketch_saved_prefill_first_k16_rep4,agenttrace_admission_oracle_v4,trace_derived_simulation,86adc13cec5f5a186ade1082f0fb1da4944533a4,pagarsky/agent-trace: nl2bash_1_7B_20260403T211347Z,https://huggingface.co/datasets/pagarsky/agent-trace,Apache-2.0,250313ae096b0bb8c1986b6f571b68f4ff7617a12026db20214ad84188d12ae5,False,CPU-only; no live vLLM request,closed_loop,sketch,saved_prefill_first,16,False,4,512,4,10,20260716,adeaaa94150579a366bf3c0888c55df9a128986eeac4084ffb8d0ad86e4036f4,512,128,128,structural agent-turn replay; Oracle-K is offline diagnosis only; no raw source text and no live latency.,Current,384,0.0390625,0.3752854684893238,167023.0,68719.0,3.0,3.0,2560
20260716_agenttrace_closed_loop_sketch_saved_prefill_first_k32_rep4,agenttrace_admission_oracle_v4,trace_derived_simulation,86adc13cec5f5a186ade1082f0fb1da4944533a4,pagarsky/agent-trace: nl2bash_1_7B_20260403T211347Z,https://huggingface.co/datasets/pagarsky/agent-trace,Apache-2.0,250313ae096b0bb8c1986b6f571b68f4ff7617a12026db20214ad84188d12ae5,False,CPU-only; no live vLLM request,closed_loop,sketch,saved_prefill_first,32,False,4,512,4,10,20260716,adeaaa94150579a366bf3c0888c55df9a128986eeac4084ffb8d0ad86e4036f4,512,128,128,structural agent-turn replay; Oracle-K is offline diagnosis only; no raw source text and no live latency.,Current,384,0.049479166666666664,0.3750660234455234,166734.0,68430.0,3.0,3.0,4608
20260716_agenttrace_closed_loop_sketch_saved_prefill_first_k64_rep4,agenttrace_admission_oracle_v4,trace_derived_simulation,86adc13cec5f5a186ade1082f0fb1da4944533a4,pagarsky/agent-trace: nl2bash_1_7B_20260403T211347Z,https://huggingface.co/datasets/pagarsky/agent-trace,Apache-2.0,250313ae096b0bb8c1986b6f571b68f4ff7617a12026db20214ad84188d12ae5,False,CPU-only; no live vLLM request,closed_loop,sketch,saved_prefill_first,64,False,4,512,4,10,20260716,adeaaa94150579a366bf3c0888c55df9a128986eeac4084ffb8d0ad86e4036f4,512,128,128,structural agent-turn replay; Oracle-K is offline diagnosis only; no raw source text and no live latency.,Current,384,0.09895833333333333,0.3925922310016144,190785.0,92481.0,3.0,3.0,8704
20260716_agenttrace_closed_loop_sketch_saved_prefill_first_k128_rep4,agenttrace_admission_oracle_v4,trace_derived_simulation,86adc13cec5f5a186ade1082f0fb1da4944533a4,pagarsky/agent-trace: nl2bash_1_7B_20260403T211347Z,https://huggingface.co/datasets/pagarsky/agent-trace,Apache-2.0,250313ae096b0bb8c1986b6f571b68f4ff7617a12026db20214ad84188d12ae5,False,CPU-only; no live vLLM request,closed_loop,sketch,saved_prefill_first,128,False,4,512,4,10,20260716,adeaaa94150579a366bf3c0888c55df9a128986eeac4084ffb8d0ad86e4036f4,512,128,128,structural agent-turn replay; Oracle-K is offline diagnosis only; no raw source text and no live latency.,Current,384,0.1328125,0.40098252646559657,201491.0,103187.0,3.0,3.0,16896
20260716_agenttrace_closed_loop_sketch_reuse_distance_k2_rep4,agenttrace_admission_oracle_v4,trace_derived_simulation,86adc13cec5f5a186ade1082f0fb1da4944533a4,pagarsky/agent-trace: nl2bash_1_7B_20260403T211347Z,https://huggingface.co/datasets/pagarsky/agent-trace,Apache-2.0,250313ae096b0bb8c1986b6f571b68f4ff7617a12026db20214ad84188d12ae5,False,CPU-only; no live vLLM request,closed_loop,sketch,reuse_distance,2,False,4,512,4,10,20260716,adeaaa94150579a366bf3c0888c55df9a128986eeac4084ffb8d0ad86e4036f4,512,128,128,structural agent-turn replay; Oracle-K is offline diagnosis only; no raw source text and no live latency.,Current,384,0.013020833333333334,0.37777524385177985,171344.0,73040.0,1.0,1.0,768
20260716_agenttrace_closed_loop_sketch_reuse_distance_k4_rep4,agenttrace_admission_oracle_v4,trace_derived_simulation,86adc13cec5f5a186ade1082f0fb1da4944533a4,pagarsky/agent-trace: nl2bash_1_7B_20260403T211347Z,https://huggingface.co/datasets/pagarsky/agent-trace,Apache-2.0,250313ae096b0bb8c1986b6f571b68f4ff7617a12026db20214ad84188d12ae5,False,CPU-only; no live vLLM request,closed_loop,sketch,reuse_distance,4,False,4,512,4,10,20260716,adeaaa94150579a366bf3c0888c55df9a128986eeac4084ffb8d0ad86e4036f4,512,128,128,structural agent-turn replay; Oracle-K is offline diagnosis only; no raw source text and no live latency.,Current,384,0.018229166666666668,0.3760709151938583,168884.0,70580.0,1.0,1.0,1024
20260716_agenttrace_closed_loop_sketch_reuse_distance_k8_rep4,agenttrace_admission_oracle_v4,trace_derived_simulation,86adc13cec5f5a186ade1082f0fb1da4944533a4,pagarsky/agent-trace: nl2bash_1_7B_20260403T211347Z,https://huggingface.co/datasets/pagarsky/agent-trace,Apache-2.0,250313ae096b0bb8c1986b6f571b68f4ff7617a12026db20214ad84188d12ae5,False,CPU-only; no live vLLM request,closed_loop,sketch,reuse_distance,8,False,4,512,4,10,20260716,adeaaa94150579a366bf3c0888c55df9a128986eeac4084ffb8d0ad86e4036f4,512,128,128,structural agent-turn replay; Oracle-K is offline diagnosis only; no raw source text and no live latency.,Current,384,0.033854166666666664,0.3760714986469592,168551.0,70247.0,1.0,1.0,1536
20260716_agenttrace_closed_loop_sketch_reuse_distance_k16_rep4,agenttrace_admission_oracle_v4,trace_derived_simulation,86adc13cec5f5a186ade1082f0fb1da4944533a4,pagarsky/agent-trace: nl2bash_1_7B_20260403T211347Z,https://huggingface.co/datasets/pagarsky/agent-trace,Apache-2.0,250313ae096b0bb8c1986b6f571b68f4ff7617a12026db20214ad84188d12ae5,False,CPU-only; no live vLLM request,closed_loop,sketch,reuse_distance,16,False,4,512,4,10,20260716,adeaaa94150579a366bf3c0888c55df9a128986eeac4084ffb8d0ad86e4036f4,512,128,128,structural agent-turn replay; Oracle-K is offline diagnosis only; no raw source text and no live latency.,Current,384,0.041666666666666664,0.37457072569434074,165724.0,67420.0,3.0,3.0,2560
20260716_agenttrace_closed_loop_sketch_reuse_distance_k32_rep4,agenttrace_admission_oracle_v4,trace_derived_simulation,86adc13cec5f5a186ade1082f0fb1da4944533a4,pagarsky/agent-trace: nl2bash_1_7B_20260403T211347Z,https://huggingface.co/datasets/pagarsky/agent-trace,Apache-2.0,250313ae096b0bb8c1986b6f571b68f4ff7617a12026db20214ad84188d12ae5,False,CPU-only; no live vLLM request,closed_loop,sketch,reuse_distance,32,False,4,512,4,10,20260716,adeaaa94150579a366bf3c0888c55df9a128986eeac4084ffb8d0ad86e4036f4,512,128,128,structural agent-turn replay; Oracle-K is offline diagnosis only; no raw source text and no live latency.,Current,384,0.049479166666666664,0.3750660234455234,166734.0,68430.0,3.0,3.0,4608
20260716_agenttrace_closed_loop_sketch_reuse_distance_k64_rep4,agenttrace_admission_oracle_v4,trace_derived_simulation,86adc13cec5f5a186ade1082f0fb1da4944533a4,pagarsky/agent-trace: nl2bash_1_7B_20260403T211347Z,https://huggingface.co/datasets/pagarsky/agent-trace,Apache-2.0,250313ae096b0bb8c1986b6f571b68f4ff7617a12026db20214ad84188d12ae5,False,CPU-only; no live vLLM request,closed_loop,sketch,reuse_distance,64,False,4,512,4,10,20260716,adeaaa94150579a366bf3c0888c55df9a128986eeac4084ffb8d0ad86e4036f4,512,128,128,structural agent-turn replay; Oracle-K is offline diagnosis only; no raw source text and no live latency.,Current,384,0.09895833333333333,0.3925922310016144,190785.0,92481.0,3.0,3.0,8704
20260716_agenttrace_closed_loop_sketch_reuse_distance_k128_rep4,agenttrace_admission_oracle_v4,trace_derived_simulation,86adc13cec5f5a186ade1082f0fb1da4944533a4,pagarsky/agent-trace: nl2bash_1_7B_20260403T211347Z,https://huggingface.co/datasets/pagarsky/agent-trace,Apache-2.0,250313ae096b0bb8c1986b6f571b68f4ff7617a12026db20214ad84188d12ae5,False,CPU-only; no live vLLM request,closed_loop,sketch,reuse_distance,128,False,4,512,4,10,20260716,adeaaa94150579a366bf3c0888c55df9a128986eeac4084ffb8d0ad86e4036f4,512,128,128,structural agent-turn replay; Oracle-K is offline diagnosis only; no raw source text and no live latency.,Current,384,0.1328125,0.40098252646559657,201491.0,103187.0,3.0,3.0,16896
20260716_agenttrace_closed_loop_sketch_oracle_future_value_k2_rep4,agenttrace_admission_oracle_v4,trace_derived_simulation,86adc13cec5f5a186ade1082f0fb1da4944533a4,pagarsky/agent-trace: nl2bash_1_7B_20260403T211347Z,https://huggingface.co/datasets/pagarsky/agent-trace,Apache-2.0,250313ae096b0bb8c1986b6f571b68f4ff7617a12026db20214ad84188d12ae5,False,CPU-only; no live vLLM request,closed_loop,sketch,oracle_future_value,2,True,4,512,4,10,20260716,adeaaa94150579a366bf3c0888c55df9a128986eeac4084ffb8d0ad86e4036f4,512,128,128,structural agent-turn replay; Oracle-K is offline diagnosis only; no raw source text and no live latency.,UpperBoundOnly,384,0.057291666666666664,0.38341611492715977,178154.0,79850.0,2.0,2.0,768
20260716_agenttrace_closed_loop_sketch_oracle_future_value_k4_rep4,agenttrace_admission_oracle_v4,trace_derived_simulation,86adc13cec5f5a186ade1082f0fb1da4944533a4,pagarsky/agent-trace: nl2bash_1_7B_20260403T211347Z,https://huggingface.co/datasets/pagarsky/agent-trace,Apache-2.0,250313ae096b0bb8c1986b6f571b68f4ff7617a12026db20214ad84188d12ae5,False,CPU-only; no live vLLM request,closed_loop,sketch,oracle_future_value,4,True,4,512,4,10,20260716,adeaaa94150579a366bf3c0888c55df9a128986eeac4084ffb8d0ad86e4036f4,512,128,128,structural agent-turn replay; Oracle-K is offline diagnosis only; no raw source text and no live latency.,UpperBoundOnly,384,0.0625,0.3871324679999422,183638.0,85334.0,2.0,2.0,1024
20260716_agenttrace_closed_loop_sketch_oracle_future_value_k8_rep4,agenttrace_admission_oracle_v4,trace_derived_simulation,86adc13cec5f5a186ade1082f0fb1da4944533a4,pagarsky/agent-trace: nl2bash_1_7B_20260403T211347Z,https://huggingface.co/datasets/pagarsky/agent-trace,Apache-2.0,250313ae096b0bb8c1986b6f571b68f4ff7617a12026db20214ad84188d12ae5,False,CPU-only; no live vLLM request,closed_loop,sketch,oracle_future_value,8,True,4,512,4,10,20260716,adeaaa94150579a366bf3c0888c55df9a128986eeac4084ffb8d0ad86e4036f4,512,128,128,structural agent-turn replay; Oracle-K is offline diagnosis only; no raw source text and no live latency.,UpperBoundOnly,384,0.09635416666666667,0.3942017031402135,193021.0,94717.0,2.0,2.0,1536
20260716_agenttrace_closed_loop_sketch_oracle_future_value_k16_rep4,agenttrace_admission_oracle_v4,trace_derived_simulation,86adc13cec5f5a186ade1082f0fb1da4944533a4,pagarsky/agent-trace: nl2bash_1_7B_20260403T211347Z,https://huggingface.co/datasets/pagarsky/agent-trace,Apache-2.0,250313ae096b0bb8c1986b6f571b68f4ff7617a12026db20214ad84188d12ae5,False,CPU-only; no live vLLM request,closed_loop,sketch,oracle_future_value,16,True,4,512,4,10,20260716,adeaaa94150579a366bf3c0888c55df9a128986eeac4084ffb8d0ad86e4036f4,512,128,128,structural agent-turn replay; Oracle-K is offline diagnosis only; no raw source text and no live latency.,UpperBoundOnly,384,0.11979166666666667,0.39865431099639276,198752.0,100448.0,2.0,2.0,2560
20260716_agenttrace_closed_loop_sketch_oracle_future_value_k32_rep4,agenttrace_admission_oracle_v4,trace_derived_simulation,86adc13cec5f5a186ade1082f0fb1da4944533a4,pagarsky/agent-trace: nl2bash_1_7B_20260403T211347Z,https://huggingface.co/datasets/pagarsky/agent-trace,Apache-2.0,250313ae096b0bb8c1986b6f571b68f4ff7617a12026db20214ad84188d12ae5,False,CPU-only; no live vLLM request,closed_loop,sketch,oracle_future_value,32,True,4,512,4,10,20260716,adeaaa94150579a366bf3c0888c55df9a128986eeac4084ffb8d0ad86e4036f4,512,128,128,structural agent-turn replay; Oracle-K is offline diagnosis only; no raw source text and no live latency.,UpperBoundOnly,384,0.1328125,0.40098252646559657,201491.0,103187.0,3.0,3.0,4608
20260716_agenttrace_closed_loop_sketch_oracle_future_value_k64_rep4,agenttrace_admission_oracle_v4,trace_derived_simulation,86adc13cec5f5a186ade1082f0fb1da4944533a4,pagarsky/agent-trace: nl2bash_1_7B_20260403T211347Z,https://huggingface.co/datasets/pagarsky/agent-trace,Apache-2.0,250313ae096b0bb8c1986b6f571b68f4ff7617a12026db20214ad84188d12ae5,False,CPU-only; no live vLLM request,closed_loop,sketch,oracle_future_value,64,True,4,512,4,10,20260716,adeaaa94150579a366bf3c0888c55df9a128986eeac4084ffb8d0ad86e4036f4,512,128,128,structural agent-turn replay; Oracle-K is offline diagnosis only; no raw source text and no live latency.,UpperBoundOnly,384,0.1328125,0.40098252646559657,201491.0,103187.0,3.0,3.0,8704
20260716_agenttrace_closed_loop_sketch_oracle_future_value_k128_rep4,agenttrace_admission_oracle_v4,trace_derived_simulation,86adc13cec5f5a186ade1082f0fb1da4944533a4,pagarsky/agent-trace: nl2bash_1_7B_20260403T211347Z,https://huggingface.co/datasets/pagarsky/agent-trace,Apache-2.0,250313ae096b0bb8c1986b6f571b68f4ff7617a12026db20214ad84188d12ae5,False,CPU-only; no live vLLM request,closed_loop,sketch,oracle_future_value,128,True,4,512,4,10,20260716,adeaaa94150579a366bf3c0888c55df9a128986eeac4084ffb8d0ad86e4036f4,512,128,128,structural agent-turn replay; Oracle-K is offline diagnosis only; no raw source text and no live latency.,UpperBoundOnly,384,0.1328125,0.40098252646559657,201491.0,103187.0,3.0,3.0,16896
20260716_agenttrace_frozen_load_only_kinf_rep5,agenttrace_admission_oracle_v4,trace_derived_simulation,86adc13cec5f5a186ade1082f0fb1da4944533a4,pagarsky/agent-trace: nl2bash_1_7B_20260403T211347Z,https://huggingface.co/datasets/pagarsky/agent-trace,Apache-2.0,250313ae096b0bb8c1986b6f571b68f4ff7617a12026db20214ad84188d12ae5,False,CPU-only; no live vLLM request,frozen,load_only,none,inf,False,4,512,5,10,20260716,abaaaa2625d36e1b1ff9b761bc7b810bcf8fdded8a30ce89d674d8dcd686c1ff,512,128,128,structural agent-turn replay; Oracle-K is offline diagnosis only; no raw source text and no live latency.,Current,384,0.0,0.3290751770938177,100197.0,1893.0,0.0,0.0,384
20260716_agenttrace_frozen_exact_kinf_rep5,agenttrace_admission_oracle_v4,trace_derived_simulation,86adc13cec5f5a186ade1082f0fb1da4944533a4,pagarsky/agent-trace: nl2bash_1_7B_20260403T211347Z,https://huggingface.co/datasets/pagarsky/agent-trace,Apache-2.0,250313ae096b0bb8c1986b6f571b68f4ff7617a12026db20214ad84188d12ae5,False,CPU-only; no live vLLM request,frozen,exact,exact,inf,False,4,512,5,10,20260716,abaaaa2625d36e1b1ff9b761bc7b810bcf8fdded8a30ce89d674d8dcd686c1ff,512,128,128,structural agent-turn replay; Oracle-K is offline diagnosis only; no raw source text and no live latency.,Current,384,1.0,0.33652976653686095,104725.0,6421.0,4.0,4.0,10112
20260716_agenttrace_frozen_sketch_lru_k2_rep5,agenttrace_admission_oracle_v4,trace_derived_simulation,86adc13cec5f5a186ade1082f0fb1da4944533a4,pagarsky/agent-trace: nl2bash_1_7B_20260403T211347Z,https://huggingface.co/datasets/pagarsky/agent-trace,Apache-2.0,250313ae096b0bb8c1986b6f571b68f4ff7617a12026db20214ad84188d12ae5,False,CPU-only; no live vLLM request,frozen,sketch,lru,2,False,4,512,5,10,20260716,abaaaa2625d36e1b1ff9b761bc7b810bcf8fdded8a30ce89d674d8dcd686c1ff,512,128,128,structural agent-turn replay; Oracle-K is offline diagnosis only; no raw source text and no live latency.,Current,384,0.0,0.32894854958588854,100076.0,1772.0,0.0,0.0,896
20260716_agenttrace_frozen_sketch_lru_k4_rep5,agenttrace_admission_oracle_v4,trace_derived_simulation,86adc13cec5f5a186ade1082f0fb1da4944533a4,pagarsky/agent-trace: nl2bash_1_7B_20260403T211347Z,https://huggingface.co/datasets/pagarsky/agent-trace,Apache-2.0,250313ae096b0bb8c1986b6f571b68f4ff7617a12026db20214ad84188d12ae5,False,CPU-only; no live vLLM request,frozen,sketch,lru,4,False,4,512,5,10,20260716,abaaaa2625d36e1b1ff9b761bc7b810bcf8fdded8a30ce89d674d8dcd686c1ff,512,128,128,structural agent-turn replay; Oracle-K is offline diagnosis only; no raw source text and no live latency.,Current,384,0.0,0.3286509485557844,99865.0,1561.0,0.0,0.0,1408
20260716_agenttrace_frozen_sketch_lru_k8_rep5,agenttrace_admission_oracle_v4,trace_derived_simulation,86adc13cec5f5a186ade1082f0fb1da4944533a4,pagarsky/agent-trace: nl2bash_1_7B_20260403T211347Z,https://huggingface.co/datasets/pagarsky/agent-trace,Apache-2.0,250313ae096b0bb8c1986b6f571b68f4ff7617a12026db20214ad84188d12ae5,False,CPU-only; no live vLLM request,frozen,sketch,lru,8,False,4,512,5,10,20260716,abaaaa2625d36e1b1ff9b761bc7b810bcf8fdded8a30ce89d674d8dcd686c1ff,512,128,128,structural agent-turn replay; Oracle-K is offline diagnosis only; no raw source text and no live latency.,Current,384,0.0,0.32846848562689185,99576.0,1272.0,1.0,1.0,2432
20260716_agenttrace_frozen_sketch_lru_k16_rep5,agenttrace_admission_oracle_v4,trace_derived_simulation,86adc13cec5f5a186ade1082f0fb1da4944533a4,pagarsky/agent-trace: nl2bash_1_7B_20260403T211347Z,https://huggingface.co/datasets/pagarsky/agent-trace,Apache-2.0,250313ae096b0bb8c1986b6f571b68f4ff7617a12026db20214ad84188d12ae5,False,CPU-only; no live vLLM request,frozen,sketch,lru,16,False,4,512,5,10,20260716,abaaaa2625d36e1b1ff9b761bc7b810bcf8fdded8a30ce89d674d8dcd686c1ff,512,128,128,structural agent-turn replay; Oracle-K is offline diagnosis only; no raw source text and no live latency.,Current,384,0.0,0.32852284207199656,99952.0,1648.0,1.0,1.0,4480
20260716_agenttrace_frozen_sketch_lru_k32_rep5,agenttrace_admission_oracle_v4,trace_derived_simulation,86adc13cec5f5a186ade1082f0fb1da4944533a4,pagarsky/agent-trace: nl2bash_1_7B_20260403T211347Z,https://huggingface.co/datasets/pagarsky/agent-trace,Apache-2.0,250313ae096b0bb8c1986b6f571b68f4ff7617a12026db20214ad84188d12ae5,False,CPU-only; no live vLLM request,frozen,sketch,lru,32,False,4,512,5,10,20260716,abaaaa2625d36e1b1ff9b761bc7b810bcf8fdded8a30ce89d674d8dcd686c1ff,512,128,128,structural agent-turn replay; Oracle-K is offline diagnosis only; no raw source text and no live latency.,Current,384,0.0,0.32950059101978635,100178.0,1874.0,2.0,2.0,8576
20260716_agenttrace_frozen_sketch_lru_k64_rep5,agenttrace_admission_oracle_v4,trace_derived_simulation,86adc13cec5f5a186ade1082f0fb1da4944533a4,pagarsky/agent-trace: nl2bash_1_7B_20260403T211347Z,https://huggingface.co/datasets/pagarsky/agent-trace,Apache-2.0,250313ae096b0bb8c1986b6f571b68f4ff7617a12026db20214ad84188d12ae5,False,CPU-only; no live vLLM request,frozen,sketch,lru,64,False,4,512,5,10,20260716,abaaaa2625d36e1b1ff9b761bc7b810bcf8fdded8a30ce89d674d8dcd686c1ff,512,128,128,structural agent-turn replay; Oracle-K is offline diagnosis only; no raw source text and no live latency.,Current,384,0.0,0.32950059101978635,100178.0,1874.0,4.0,4.0,10112
20260716_agenttrace_frozen_sketch_lru_k128_rep5,agenttrace_admission_oracle_v4,trace_derived_simulation,86adc13cec5f5a186ade1082f0fb1da4944533a4,pagarsky/agent-trace: nl2bash_1_7B_20260403T211347Z,https://huggingface.co/datasets/pagarsky/agent-trace,Apache-2.0,250313ae096b0bb8c1986b6f571b68f4ff7617a12026db20214ad84188d12ae5,False,CPU-only; no live vLLM request,frozen,sketch,lru,128,False,4,512,5,10,20260716,abaaaa2625d36e1b1ff9b761bc7b810bcf8fdded8a30ce89d674d8dcd686c1ff,512,128,128,structural agent-turn replay; Oracle-K is offline diagnosis only; no raw source text and no live latency.,Current,384,0.0,0.32950059101978635,100178.0,1874.0,4.0,4.0,10112
20260716_agenttrace_frozen_sketch_lfu_k2_rep5,agenttrace_admission_oracle_v4,trace_derived_simulation,86adc13cec5f5a186ade1082f0fb1da4944533a4,pagarsky/agent-trace: nl2bash_1_7B_20260403T211347Z,https://huggingface.co/datasets/pagarsky/agent-trace,Apache-2.0,250313ae096b0bb8c1986b6f571b68f4ff7617a12026db20214ad84188d12ae5,False,CPU-only; no live vLLM request,frozen,sketch,lfu,2,False,4,512,5,10,20260716,abaaaa2625d36e1b1ff9b761bc7b810bcf8fdded8a30ce89d674d8dcd686c1ff,512,128,128,structural agent-turn replay; Oracle-K is offline diagnosis only; no raw source text and no live latency.,Current,384,0.0,0.32950059101978635,100178.0,1874.0,4.0,4.0,896
20260716_agenttrace_frozen_sketch_lfu_k4_rep5,agenttrace_admission_oracle_v4,trace_derived_simulation,86adc13cec5f5a186ade1082f0fb1da4944533a4,pagarsky/agent-trace: nl2bash_1_7B_20260403T211347Z,https://huggingface.co/datasets/pagarsky/agent-trace,Apache-2.0,250313ae096b0bb8c1986b6f571b68f4ff7617a12026db20214ad84188d12ae5,False,CPU-only; no live vLLM request,frozen,sketch,lfu,4,False,4,512,5,10,20260716,abaaaa2625d36e1b1ff9b761bc7b810bcf8fdded8a30ce89d674d8dcd686c1ff,512,128,128,structural agent-turn replay; Oracle-K is offline diagnosis only; no raw source text and no live latency.,Current,384,0.0,0.32950059101978635,100178.0,1874.0,4.0,4.0,1408
20260716_agenttrace_frozen_sketch_lfu_k8_rep5,agenttrace_admission_oracle_v4,trace_derived_simulation,86adc13cec5f5a186ade1082f0fb1da4944533a4,pagarsky/agent-trace: nl2bash_1_7B_20260403T211347Z,https://huggingface.co/datasets/pagarsky/agent-trace,Apache-2.0,250313ae096b0bb8c1986b6f571b68f4ff7617a12026db20214ad84188d12ae5,False,CPU-only; no live vLLM request,frozen,sketch,lfu,8,False,4,512,5,10,20260716,abaaaa2625d36e1b1ff9b761bc7b810bcf8fdded8a30ce89d674d8dcd686c1ff,512,128,128,structural agent-turn replay; Oracle-K is offline diagnosis only; no raw source text and no live latency.,Current,384,0.0,0.32950059101978635,100178.0,1874.0,4.0,4.0,2432
20260716_agenttrace_frozen_sketch_lfu_k16_rep5,agenttrace_admission_oracle_v4,trace_derived_simulation,86adc13cec5f5a186ade1082f0fb1da4944533a4,pagarsky/agent-trace: nl2bash_1_7B_20260403T211347Z,https://huggingface.co/datasets/pagarsky/agent-trace,Apache-2.0,250313ae096b0bb8c1986b6f571b68f4ff7617a12026db20214ad84188d12ae5,False,CPU-only; no live vLLM request,frozen,sketch,lfu,16,False,4,512,5,10,20260716,abaaaa2625d36e1b1ff9b761bc7b810bcf8fdded8a30ce89d674d8dcd686c1ff,512,128,128,structural agent-turn replay; Oracle-K is offline diagnosis only; no raw source text and no live latency.,Current,384,0.0,0.32950059101978635,100178.0,1874.0,4.0,4.0,4480
20260716_agenttrace_frozen_sketch_lfu_k32_rep5,agenttrace_admission_oracle_v4,trace_derived_simulation,86adc13cec5f5a186ade1082f0fb1da4944533a4,pagarsky/agent-trace: nl2bash_1_7B_20260403T211347Z,https://huggingface.co/datasets/pagarsky/agent-trace,Apache-2.0,250313ae096b0bb8c1986b6f571b68f4ff7617a12026db20214ad84188d12ae5,False,CPU-only; no live vLLM request,frozen,sketch,lfu,32,False,4,512,5,10,20260716,abaaaa2625d36e1b1ff9b761bc7b810bcf8fdded8a30ce89d674d8dcd686c1ff,512,128,128,structural agent-turn replay; Oracle-K is offline diagnosis only; no raw source text and no live latency.,Current,384,0.0,0.32950059101978635,100178.0,1874.0,4.0,4.0,8576
20260716_agenttrace_frozen_sketch_lfu_k64_rep5,agenttrace_admission_oracle_v4,trace_derived_simulation,86adc13cec5f5a186ade1082f0fb1da4944533a4,pagarsky/agent-trace: nl2bash_1_7B_20260403T211347Z,https://huggingface.co/datasets/pagarsky/agent-trace,Apache-2.0,250313ae096b0bb8c1986b6f571b68f4ff7617a12026db20214ad84188d12ae5,False,CPU-only; no live vLLM request,frozen,sketch,lfu,64,False,4,512,5,10,20260716,abaaaa2625d36e1b1ff9b761bc7b810bcf8fdded8a30ce89d674d8dcd686c1ff,512,128,128,structural agent-turn replay; Oracle-K is offline diagnosis only; no raw source text and no live latency.,Current,384,0.0,0.32950059101978635,100178.0,1874.0,4.0,4.0,10112
20260716_agenttrace_frozen_sketch_lfu_k128_rep5,agenttrace_admission_oracle_v4,trace_derived_simulation,86adc13cec5f5a186ade1082f0fb1da4944533a4,pagarsky/agent-trace: nl2bash_1_7B_20260403T211347Z,https://huggingface.co/datasets/pagarsky/agent-trace,Apache-2.0,250313ae096b0bb8c1986b6f571b68f4ff7617a12026db20214ad84188d12ae5,False,CPU-only; no live vLLM request,frozen,sketch,lfu,128,False,4,512,5,10,20260716,abaaaa2625d36e1b1ff9b761bc7b810bcf8fdded8a30ce89d674d8dcd686c1ff,512,128,128,structural agent-turn replay; Oracle-K is offline diagnosis only; no raw source text and no live latency.,Current,384,0.0,0.32950059101978635,100178.0,1874.0,4.0,4.0,10112
20260716_agenttrace_frozen_sketch_coverage_first_k2_rep5,agenttrace_admission_oracle_v4,trace_derived_simulation,86adc13cec5f5a186ade1082f0fb1da4944533a4,pagarsky/agent-trace: nl2bash_1_7B_20260403T211347Z,https://huggingface.co/datasets/pagarsky/agent-trace,Apache-2.0,250313ae096b0bb8c1986b6f571b68f4ff7617a12026db20214ad84188d12ae5,False,CPU-only; no live vLLM request,frozen,sketch,coverage_first,2,False,4,512,5,10,20260716,abaaaa2625d36e1b1ff9b761bc7b810bcf8fdded8a30ce89d674d8dcd686c1ff,512,128,128,structural agent-turn replay; Oracle-K is offline diagnosis only; no raw source text and no live latency.,Current,384,0.0,0.3292346388626876,100067.0,1763.0,0.0,0.0,896
20260716_agenttrace_frozen_sketch_coverage_first_k4_rep5,agenttrace_admission_oracle_v4,trace_derived_simulation,86adc13cec5f5a186ade1082f0fb1da4944533a4,pagarsky/agent-trace: nl2bash_1_7B_20260403T211347Z,https://huggingface.co/datasets/pagarsky/agent-trace,Apache-2.0,250313ae096b0bb8c1986b6f571b68f4ff7617a12026db20214ad84188d12ae5,False,CPU-only; no live vLLM request,frozen,sketch,coverage_first,4,False,4,512,5,10,20260716,abaaaa2625d36e1b1ff9b761bc7b810bcf8fdded8a30ce89d674d8dcd686c1ff,512,128,128,structural agent-turn replay; Oracle-K is offline diagnosis only; no raw source text and no live latency.,Current,384,0.0,0.32899483498064475,100090.0,1786.0,0.0,0.0,1408
20260716_agenttrace_frozen_sketch_coverage_first_k8_rep5,agenttrace_admission_oracle_v4,trace_derived_simulation,86adc13cec5f5a186ade1082f0fb1da4944533a4,pagarsky/agent-trace: nl2bash_1_7B_20260403T211347Z,https://huggingface.co/datasets/pagarsky/agent-trace,Apache-2.0,250313ae096b0bb8c1986b6f571b68f4ff7617a12026db20214ad84188d12ae5,False,CPU-only; no live vLLM request,frozen,sketch,coverage_first,8,False,4,512,5,10,20260716,abaaaa2625d36e1b1ff9b761bc7b810bcf8fdded8a30ce89d674d8dcd686c1ff,512,128,128,structural agent-turn replay; Oracle-K is offline diagnosis only; no raw source text and no live latency.,Current,384,0.0,0.3293383712335992,100133.0,1829.0,1.0,1.0,2432
20260716_agenttrace_frozen_sketch_coverage_first_k16_rep5,agenttrace_admission_oracle_v4,trace_derived_simulation,86adc13cec5f5a186ade1082f0fb1da4944533a4,pagarsky/agent-trace: nl2bash_1_7B_20260403T211347Z,https://huggingface.co/datasets/pagarsky/agent-trace,Apache-2.0,250313ae096b0bb8c1986b6f571b68f4ff7617a12026db20214ad84188d12ae5,False,CPU-only; no live vLLM request,frozen,sketch,coverage_first,16,False,4,512,5,10,20260716,abaaaa2625d36e1b1ff9b761bc7b810bcf8fdded8a30ce89d674d8dcd686c1ff,512,128,128,structural agent-turn replay; Oracle-K is offline diagnosis only; no raw source text and no live latency.,Current,384,0.0,0.32951214851483,100321.0,2017.0,1.0,1.0,4480
20260716_agenttrace_frozen_sketch_coverage_first_k32_rep5,agenttrace_admission_oracle_v4,trace_derived_simulation,86adc13cec5f5a186ade1082f0fb1da4944533a4,pagarsky/agent-trace: nl2bash_1_7B_20260403T211347Z,https://huggingface.co/datasets/pagarsky/agent-trace,Apache-2.0,250313ae096b0bb8c1986b6f571b68f4ff7617a12026db20214ad84188d12ae5,False,CPU-only; no live vLLM request,frozen,sketch,coverage_first,32,False,4,512,5,10,20260716,abaaaa2625d36e1b1ff9b761bc7b810bcf8fdded8a30ce89d674d8dcd686c1ff,512,128,128,structural agent-turn replay; Oracle-K is offline diagnosis only; no raw source text and no live latency.,Current,384,0.0,0.32950059101978635,100178.0,1874.0,2.0,2.0,8576
20260716_agenttrace_frozen_sketch_coverage_first_k64_rep5,agenttrace_admission_oracle_v4,trace_derived_simulation,86adc13cec5f5a186ade1082f0fb1da4944533a4,pagarsky/agent-trace: nl2bash_1_7B_20260403T211347Z,https://huggingface.co/datasets/pagarsky/agent-trace,Apache-2.0,250313ae096b0bb8c1986b6f571b68f4ff7617a12026db20214ad84188d12ae5,False,CPU-only; no live vLLM request,frozen,sketch,coverage_first,64,False,4,512,5,10,20260716,abaaaa2625d36e1b1ff9b761bc7b810bcf8fdded8a30ce89d674d8dcd686c1ff,512,128,128,structural agent-turn replay; Oracle-K is offline diagnosis only; no raw source text and no live latency.,Current,384,0.0,0.32950059101978635,100178.0,1874.0,4.0,4.0,10112
20260716_agenttrace_frozen_sketch_coverage_first_k128_rep5,agenttrace_admission_oracle_v4,trace_derived_simulation,86adc13cec5f5a186ade1082f0fb1da4944533a4,pagarsky/agent-trace: nl2bash_1_7B_20260403T211347Z,https://huggingface.co/datasets/pagarsky/agent-trace,Apache-2.0,250313ae096b0bb8c1986b6f571b68f4ff7617a12026db20214ad84188d12ae5,False,CPU-only; no live vLLM request,frozen,sketch,coverage_first,128,False,4,512,5,10,20260716,abaaaa2625d36e1b1ff9b761bc7b810bcf8fdded8a30ce89d674d8dcd686c1ff,512,128,128,structural agent-turn replay; Oracle-K is offline diagnosis only; no raw source text and no live latency.,Current,384,0.0,0.32950059101978635,100178.0,1874.0,4.0,4.0,10112
20260716_agenttrace_frozen_sketch_saved_prefill_first_k2_rep5,agenttrace_admission_oracle_v4,trace_derived_simulation,86adc13cec5f5a186ade1082f0fb1da4944533a4,pagarsky/agent-trace: nl2bash_1_7B_20260403T211347Z,https://huggingface.co/datasets/pagarsky/agent-trace,Apache-2.0,250313ae096b0bb8c1986b6f571b68f4ff7617a12026db20214ad84188d12ae5,False,CPU-only; no live vLLM request,frozen,sketch,saved_prefill_first,2,False,4,512,5,10,20260716,abaaaa2625d36e1b1ff9b761bc7b810bcf8fdded8a30ce89d674d8dcd686c1ff,512,128,128,structural agent-turn replay; Oracle-K is offline diagnosis only; no raw source text and no live latency.,Current,384,0.0,0.32950059101978635,100178.0,1874.0,4.0,4.0,896
20260716_agenttrace_frozen_sketch_saved_prefill_first_k4_rep5,agenttrace_admission_oracle_v4,trace_derived_simulation,86adc13cec5f5a186ade1082f0fb1da4944533a4,pagarsky/agent-trace: nl2bash_1_7B_20260403T211347Z,https://huggingface.co/datasets/pagarsky/agent-trace,Apache-2.0,250313ae096b0bb8c1986b6f571b68f4ff7617a12026db20214ad84188d12ae5,False,CPU-only; no live vLLM request,frozen,sketch,saved_prefill_first,4,False,4,512,5,10,20260716,abaaaa2625d36e1b1ff9b761bc7b810bcf8fdded8a30ce89d674d8dcd686c1ff,512,128,128,structural agent-turn replay; Oracle-K is offline diagnosis only; no raw source text and no live latency.,Current,384,0.0,0.32950059101978635,100178.0,1874.0,4.0,4.0,1408
20260716_agenttrace_frozen_sketch_saved_prefill_first_k8_rep5,agenttrace_admission_oracle_v4,trace_derived_simulation,86adc13cec5f5a186ade1082f0fb1da4944533a4,pagarsky/agent-trace: nl2bash_1_7B_20260403T211347Z,https://huggingface.co/datasets/pagarsky/agent-trace,Apache-2.0,250313ae096b0bb8c1986b6f571b68f4ff7617a12026db20214ad84188d12ae5,False,CPU-only; no live vLLM request,frozen,sketch,saved_prefill_first,8,False,4,512,5,10,20260716,abaaaa2625d36e1b1ff9b761bc7b810bcf8fdded8a30ce89d674d8dcd686c1ff,512,128,128,structural agent-turn replay; Oracle-K is offline diagnosis only; no raw source text and no live latency.,Current,384,0.0,0.32950059101978635,100178.0,1874.0,4.0,4.0,2432
20260716_agenttrace_frozen_sketch_saved_prefill_first_k16_rep5,agenttrace_admission_oracle_v4,trace_derived_simulation,86adc13cec5f5a186ade1082f0fb1da4944533a4,pagarsky/agent-trace: nl2bash_1_7B_20260403T211347Z,https://huggingface.co/datasets/pagarsky/agent-trace,Apache-2.0,250313ae096b0bb8c1986b6f571b68f4ff7617a12026db20214ad84188d12ae5,False,CPU-only; no live vLLM request,frozen,sketch,saved_prefill_first,16,False,4,512,5,10,20260716,abaaaa2625d36e1b1ff9b761bc7b810bcf8fdded8a30ce89d674d8dcd686c1ff,512,128,128,structural agent-turn replay; Oracle-K is offline diagnosis only; no raw source text and no live latency.,Current,384,0.0,0.32950059101978635,100178.0,1874.0,4.0,4.0,4480
20260716_agenttrace_frozen_sketch_saved_prefill_first_k32_rep5,agenttrace_admission_oracle_v4,trace_derived_simulation,86adc13cec5f5a186ade1082f0fb1da4944533a4,pagarsky/agent-trace: nl2bash_1_7B_20260403T211347Z,https://huggingface.co/datasets/pagarsky/agent-trace,Apache-2.0,250313ae096b0bb8c1986b6f571b68f4ff7617a12026db20214ad84188d12ae5,False,CPU-only; no live vLLM request,frozen,sketch,saved_prefill_first,32,False,4,512,5,10,20260716,abaaaa2625d36e1b1ff9b761bc7b810bcf8fdded8a30ce89d674d8dcd686c1ff,512,128,128,structural agent-turn replay; Oracle-K is offline diagnosis only; no raw source text and no live latency.,Current,384,0.0,0.32950059101978635,100178.0,1874.0,4.0,4.0,8576
20260716_agenttrace_frozen_sketch_saved_prefill_first_k64_rep5,agenttrace_admission_oracle_v4,trace_derived_simulation,86adc13cec5f5a186ade1082f0fb1da4944533a4,pagarsky/agent-trace: nl2bash_1_7B_20260403T211347Z,https://huggingface.co/datasets/pagarsky/agent-trace,Apache-2.0,250313ae096b0bb8c1986b6f571b68f4ff7617a12026db20214ad84188d12ae5,False,CPU-only; no live vLLM request,frozen,sketch,saved_prefill_first,64,False,4,512,5,10,20260716,abaaaa2625d36e1b1ff9b761bc7b810bcf8fdded8a30ce89d674d8dcd686c1ff,512,128,128,structural agent-turn replay; Oracle-K is offline diagnosis only; no raw source text and no live latency.,Current,384,0.0,0.32950059101978635,100178.0,1874.0,4.0,4.0,10112
20260716_agenttrace_frozen_sketch_saved_prefill_first_k128_rep5,agenttrace_admission_oracle_v4,trace_derived_simulation,86adc13cec5f5a186ade1082f0fb1da4944533a4,pagarsky/agent-trace: nl2bash_1_7B_20260403T211347Z,https://huggingface.co/datasets/pagarsky/agent-trace,Apache-2.0,250313ae096b0bb8c1986b6f571b68f4ff7617a12026db20214ad84188d12ae5,False,CPU-only; no live vLLM request,frozen,sketch,saved_prefill_first,128,False,4,512,5,10,20260716,abaaaa2625d36e1b1ff9b761bc7b810bcf8fdded8a30ce89d674d8dcd686c1ff,512,128,128,structural agent-turn replay; Oracle-K is offline diagnosis only; no raw source text and no live latency.,Current,384,0.0,0.32950059101978635,100178.0,1874.0,4.0,4.0,10112
20260716_agenttrace_frozen_sketch_reuse_distance_k2_rep5,agenttrace_admission_oracle_v4,trace_derived_simulation,86adc13cec5f5a186ade1082f0fb1da4944533a4,pagarsky/agent-trace: nl2bash_1_7B_20260403T211347Z,https://huggingface.co/datasets/pagarsky/agent-trace,Apache-2.0,250313ae096b0bb8c1986b6f571b68f4ff7617a12026db20214ad84188d12ae5,False,CPU-only; no live vLLM request,frozen,sketch,reuse_distance,2,False,4,512,5,10,20260716,abaaaa2625d36e1b1ff9b761bc7b810bcf8fdded8a30ce89d674d8dcd686c1ff,512,128,128,structural agent-turn replay; Oracle-K is offline diagnosis only; no raw source text and no live latency.,Current,384,0.0,0.3287347344733766,99956.0,1652.0,0.0,0.0,896
20260716_agenttrace_frozen_sketch_reuse_distance_k4_rep5,agenttrace_admission_oracle_v4,trace_derived_simulation,86adc13cec5f5a186ade1082f0fb1da4944533a4,pagarsky/agent-trace: nl2bash_1_7B_20260403T211347Z,https://huggingface.co/datasets/pagarsky/agent-trace,Apache-2.0,250313ae096b0bb8c1986b6f571b68f4ff7617a12026db20214ad84188d12ae5,False,CPU-only; no live vLLM request,frozen,sketch,reuse_distance,4,False,4,512,5,10,20260716,abaaaa2625d36e1b1ff9b761bc7b810bcf8fdded8a30ce89d674d8dcd686c1ff,512,128,128,structural agent-turn replay; Oracle-K is offline diagnosis only; no raw source text and no live latency.,Current,384,0.0,0.32899483498064475,100090.0,1786.0,0.0,0.0,1408
20260716_agenttrace_frozen_sketch_reuse_distance_k8_rep5,agenttrace_admission_oracle_v4,trace_derived_simulation,86adc13cec5f5a186ade1082f0fb1da4944533a4,pagarsky/agent-trace: nl2bash_1_7B_20260403T211347Z,https://huggingface.co/datasets/pagarsky/agent-trace,Apache-2.0,250313ae096b0bb8c1986b6f571b68f4ff7617a12026db20214ad84188d12ae5,False,CPU-only; no live vLLM request,frozen,sketch,reuse_distance,8,False,4,512,5,10,20260716,abaaaa2625d36e1b1ff9b761bc7b810bcf8fdded8a30ce89d674d8dcd686c1ff,512,128,128,structural agent-turn replay; Oracle-K is offline diagnosis only; no raw source text and no live latency.,Current,384,0.0,0.3299568600535711,100402.0,2098.0,1.0,1.0,2432
20260716_agenttrace_frozen_sketch_reuse_distance_k16_rep5,agenttrace_admission_oracle_v4,trace_derived_simulation,86adc13cec5f5a186ade1082f0fb1da4944533a4,pagarsky/agent-trace: nl2bash_1_7B_20260403T211347Z,https://huggingface.co/datasets/pagarsky/agent-trace,Apache-2.0,250313ae096b0bb8c1986b6f571b68f4ff7617a12026db20214ad84188d12ae5,False,CPU-only; no live vLLM request,frozen,sketch,reuse_distance,16,False,4,512,5,10,20260716,abaaaa2625d36e1b1ff9b761bc7b810bcf8fdded8a30ce89d674d8dcd686c1ff,512,128,128,structural agent-turn replay; Oracle-K is offline diagnosis only; no raw source text and no live latency.,Current,384,0.0,0.3289456011392351,100020.0,1716.0,1.0,1.0,4480
20260716_agenttrace_frozen_sketch_reuse_distance_k32_rep5,agenttrace_admission_oracle_v4,trace_derived_simulation,86adc13cec5f5a186ade1082f0fb1da4944533a4,pagarsky/agent-trace: nl2bash_1_7B_20260403T211347Z,https://huggingface.co/datasets/pagarsky/agent-trace,Apache-2.0,250313ae096b0bb8c1986b6f571b68f4ff7617a12026db20214ad84188d12ae5,False,CPU-only; no live vLLM request,frozen,sketch,reuse_distance,32,False,4,512,5,10,20260716,abaaaa2625d36e1b1ff9b761bc7b810bcf8fdded8a30ce89d674d8dcd686c1ff,512,128,128,structural agent-turn replay; Oracle-K is offline diagnosis only; no raw source text and no live latency.,Current,384,0.0,0.32950059101978635,100178.0,1874.0,2.0,2.0,8576
20260716_agenttrace_frozen_sketch_reuse_distance_k64_rep5,agenttrace_admission_oracle_v4,trace_derived_simulation,86adc13cec5f5a186ade1082f0fb1da4944533a4,pagarsky/agent-trace: nl2bash_1_7B_20260403T211347Z,https://huggingface.co/datasets/pagarsky/agent-trace,Apache-2.0,250313ae096b0bb8c1986b6f571b68f4ff7617a12026db20214ad84188d12ae5,False,CPU-only; no live vLLM request,frozen,sketch,reuse_distance,64,False,4,512,5,10,20260716,abaaaa2625d36e1b1ff9b761bc7b810bcf8fdded8a30ce89d674d8dcd686c1ff,512,128,128,structural agent-turn replay; Oracle-K is offline diagnosis only; no raw source text and no live latency.,Current,384,0.0,0.32950059101978635,100178.0,1874.0,4.0,4.0,10112
20260716_agenttrace_frozen_sketch_reuse_distance_k128_rep5,agenttrace_admission_oracle_v4,trace_derived_simulation,86adc13cec5f5a186ade1082f0fb1da4944533a4,pagarsky/agent-trace: nl2bash_1_7B_20260403T211347Z,https://huggingface.co/datasets/pagarsky/agent-trace,Apache-2.0,250313ae096b0bb8c1986b6f571b68f4ff7617a12026db20214ad84188d12ae5,False,CPU-only; no live vLLM request,frozen,sketch,reuse_distance,128,False,4,512,5,10,20260716,abaaaa2625d36e1b1ff9b761bc7b810bcf8fdded8a30ce89d674d8dcd686c1ff,512,128,128,structural agent-turn replay; Oracle-K is offline diagnosis only; no raw source text and no live latency.,Current,384,0.0,0.32950059101978635,100178.0,1874.0,4.0,4.0,10112
20260716_agenttrace_frozen_sketch_oracle_future_value_k2_rep5,agenttrace_admission_oracle_v4,trace_derived_simulation,86adc13cec5f5a186ade1082f0fb1da4944533a4,pagarsky/agent-trace: nl2bash_1_7B_20260403T211347Z,https://huggingface.co/datasets/pagarsky/agent-trace,Apache-2.0,250313ae096b0bb8c1986b6f571b68f4ff7617a12026db20214ad84188d12ae5,False,CPU-only; no live vLLM request,frozen,sketch,oracle_future_value,2,True,4,512,5,10,20260716,abaaaa2625d36e1b1ff9b761bc7b810bcf8fdded8a30ce89d674d8dcd686c1ff,512,128,128,structural agent-turn replay; Oracle-K is offline diagnosis only; no raw source text and no live latency.,UpperBoundOnly,384,0.0,0.32970278499537525,100205.0,1901.0,1.0,1.0,896
20260716_agenttrace_frozen_sketch_oracle_future_value_k4_rep5,agenttrace_admission_oracle_v4,trace_derived_simulation,86adc13cec5f5a186ade1082f0fb1da4944533a4,pagarsky/agent-trace: nl2bash_1_7B_20260403T211347Z,https://huggingface.co/datasets/pagarsky/agent-trace,Apache-2.0,250313ae096b0bb8c1986b6f571b68f4ff7617a12026db20214ad84188d12ae5,False,CPU-only; no live vLLM request,frozen,sketch,oracle_future_value,4,True,4,512,5,10,20260716,abaaaa2625d36e1b1ff9b761bc7b810bcf8fdded8a30ce89d674d8dcd686c1ff,512,128,128,structural agent-turn replay; Oracle-K is offline diagnosis only; no raw source text and no live latency.,UpperBoundOnly,384,0.0,0.3296876214525534,100156.0,1852.0,1.0,1.0,1408
20260716_agenttrace_frozen_sketch_oracle_future_value_k8_rep5,agenttrace_admission_oracle_v4,trace_derived_simulation,86adc13cec5f5a186ade1082f0fb1da4944533a4,pagarsky/agent-trace: nl2bash_1_7B_20260403T211347Z,https://huggingface.co/datasets/pagarsky/agent-trace,Apache-2.0,250313ae096b0bb8c1986b6f571b68f4ff7617a12026db20214ad84188d12ae5,False,CPU-only; no live vLLM request,frozen,sketch,oracle_future_value,8,True,4,512,5,10,20260716,abaaaa2625d36e1b1ff9b761bc7b810bcf8fdded8a30ce89d674d8dcd686c1ff,512,128,128,structural agent-turn replay; Oracle-K is offline diagnosis only; no raw source text and no live latency.,UpperBoundOnly,384,0.0,0.32887225171216783,99785.0,1481.0,1.0,1.0,2432
20260716_agenttrace_frozen_sketch_oracle_future_value_k16_rep5,agenttrace_admission_oracle_v4,trace_derived_simulation,86adc13cec5f5a186ade1082f0fb1da4944533a4,pagarsky/agent-trace: nl2bash_1_7B_20260403T211347Z,https://huggingface.co/datasets/pagarsky/agent-trace,Apache-2.0,250313ae096b0bb8c1986b6f571b68f4ff7617a12026db20214ad84188d12ae5,False,CPU-only; no live vLLM request,frozen,sketch,oracle_future_value,16,True,4,512,5,10,20260716,abaaaa2625d36e1b1ff9b761bc7b810bcf8fdded8a30ce89d674d8dcd686c1ff,512,128,128,structural agent-turn replay; Oracle-K is offline diagnosis only; no raw source text and no live latency.,UpperBoundOnly,384,0.0,0.328961572372906,100097.0,1793.0,1.0,1.0,4480
20260716_agenttrace_frozen_sketch_oracle_future_value_k32_rep5,agenttrace_admission_oracle_v4,trace_derived_simulation,86adc13cec5f5a186ade1082f0fb1da4944533a4,pagarsky/agent-trace: nl2bash_1_7B_20260403T211347Z,https://huggingface.co/datasets/pagarsky/agent-trace,Apache-2.0,250313ae096b0bb8c1986b6f571b68f4ff7617a12026db20214ad84188d12ae5,False,CPU-only; no live vLLM request,frozen,sketch,oracle_future_value,32,True,4,512,5,10,20260716,abaaaa2625d36e1b1ff9b761bc7b810bcf8fdded8a30ce89d674d8dcd686c1ff,512,128,128,structural agent-turn replay; Oracle-K is offline diagnosis only; no raw source text and no live latency.,UpperBoundOnly,384,0.0,0.32950059101978635,100178.0,1874.0,2.0,2.0,8576
20260716_agenttrace_frozen_sketch_oracle_future_value_k64_rep5,agenttrace_admission_oracle_v4,trace_derived_simulation,86adc13cec5f5a186ade1082f0fb1da4944533a4,pagarsky/agent-trace: nl2bash_1_7B_20260403T211347Z,https://huggingface.co/datasets/pagarsky/agent-trace,Apache-2.0,250313ae096b0bb8c1986b6f571b68f4ff7617a12026db20214ad84188d12ae5,False,CPU-only; no live vLLM request,frozen,sketch,oracle_future_value,64,True,4,512,5,10,20260716,abaaaa2625d36e1b1ff9b761bc7b810bcf8fdded8a30ce89d674d8dcd686c1ff,512,128,128,structural agent-turn replay; Oracle-K is offline diagnosis only; no raw source text and no live latency.,UpperBoundOnly,384,0.0,0.32950059101978635,100178.0,1874.0,4.0,4.0,10112
20260716_agenttrace_frozen_sketch_oracle_future_value_k128_rep5,agenttrace_admission_oracle_v4,trace_derived_simulation,86adc13cec5f5a186ade1082f0fb1da4944533a4,pagarsky/agent-trace: nl2bash_1_7B_20260403T211347Z,https://huggingface.co/datasets/pagarsky/agent-trace,Apache-2.0,250313ae096b0bb8c1986b6f571b68f4ff7617a12026db20214ad84188d12ae5,False,CPU-only; no live vLLM request,frozen,sketch,oracle_future_value,128,True,4,512,5,10,20260716,abaaaa2625d36e1b1ff9b761bc7b810bcf8fdded8a30ce89d674d8dcd686c1ff,512,128,128,structural agent-turn replay; Oracle-K is offline diagnosis only; no raw source text and no live latency.,UpperBoundOnly,384,0.0,0.32950059101978635,100178.0,1874.0,4.0,4.0,10112
20260716_agenttrace_closed_loop_load_only_kinf_rep5,agenttrace_admission_oracle_v4,trace_derived_simulation,86adc13cec5f5a186ade1082f0fb1da4944533a4,pagarsky/agent-trace: nl2bash_1_7B_20260403T211347Z,https://huggingface.co/datasets/pagarsky/agent-trace,Apache-2.0,250313ae096b0bb8c1986b6f571b68f4ff7617a12026db20214ad84188d12ae5,False,CPU-only; no live vLLM request,closed_loop,load_only,none,inf,False,4,512,5,10,20260716,abaaaa2625d36e1b1ff9b761bc7b810bcf8fdded8a30ce89d674d8dcd686c1ff,512,128,128,structural agent-turn replay; Oracle-K is offline diagnosis only; no raw source text and no live latency.,Current,384,0.0,0.36104180750017606,145545.0,47241.0,0.0,0.0,384
20260716_agenttrace_closed_loop_exact_kinf_rep5,agenttrace_admission_oracle_v4,trace_derived_simulation,86adc13cec5f5a186ade1082f0fb1da4944533a4,pagarsky/agent-trace: nl2bash_1_7B_20260403T211347Z,https://huggingface.co/datasets/pagarsky/agent-trace,Apache-2.0,250313ae096b0bb8c1986b6f571b68f4ff7617a12026db20214ad84188d12ae5,False,CPU-only; no live vLLM request,closed_loop,exact,exact,inf,False,4,512,5,10,20260716,abaaaa2625d36e1b1ff9b761bc7b810bcf8fdded8a30ce89d674d8dcd686c1ff,512,128,128,structural agent-turn replay; Oracle-K is offline diagnosis only; no raw source text and no live latency.,Current,384,0.13541666666666666,0.41084072518416814,217127.0,118823.0,3.0,3.0,16896
20260716_agenttrace_closed_loop_sketch_lru_k2_rep5,agenttrace_admission_oracle_v4,trace_derived_simulation,86adc13cec5f5a186ade1082f0fb1da4944533a4,pagarsky/agent-trace: nl2bash_1_7B_20260403T211347Z,https://huggingface.co/datasets/pagarsky/agent-trace,Apache-2.0,250313ae096b0bb8c1986b6f571b68f4ff7617a12026db20214ad84188d12ae5,False,CPU-only; no live vLLM request,closed_loop,sketch,lru,2,False,4,512,5,10,20260716,abaaaa2625d36e1b1ff9b761bc7b810bcf8fdded8a30ce89d674d8dcd686c1ff,512,128,128,structural agent-turn replay; Oracle-K is offline diagnosis only; no raw source text and no live latency.,Current,384,0.005208333333333333,0.3897897279374351,186960.0,88656.0,3.0,3.0,768
20260716_agenttrace_closed_loop_sketch_lru_k4_rep5,agenttrace_admission_oracle_v4,trace_derived_simulation,86adc13cec5f5a186ade1082f0fb1da4944533a4,pagarsky/agent-trace: nl2bash_1_7B_20260403T211347Z,https://huggingface.co/datasets/pagarsky/agent-trace,Apache-2.0,250313ae096b0bb8c1986b6f571b68f4ff7617a12026db20214ad84188d12ae5,False,CPU-only; no live vLLM request,closed_loop,sketch,lru,4,False,4,512,5,10,20260716,abaaaa2625d36e1b1ff9b761bc7b810bcf8fdded8a30ce89d674d8dcd686c1ff,512,128,128,structural agent-turn replay; Oracle-K is offline diagnosis only; no raw source text and no live latency.,Current,384,0.0078125,0.3897897279374351,186960.0,88656.0,3.0,3.0,1024
20260716_agenttrace_closed_loop_sketch_lru_k8_rep5,agenttrace_admission_oracle_v4,trace_derived_simulation,86adc13cec5f5a186ade1082f0fb1da4944533a4,pagarsky/agent-trace: nl2bash_1_7B_20260403T211347Z,https://huggingface.co/datasets/pagarsky/agent-trace,Apache-2.0,250313ae096b0bb8c1986b6f571b68f4ff7617a12026db20214ad84188d12ae5,False,CPU-only; no live vLLM request,closed_loop,sketch,lru,8,False,4,512,5,10,20260716,abaaaa2625d36e1b1ff9b761bc7b810bcf8fdded8a30ce89d674d8dcd686c1ff,512,128,128,structural agent-turn replay; Oracle-K is offline diagnosis only; no raw source text and no live latency.,Current,384,0.020833333333333332,0.3897897279374351,186960.0,88656.0,3.0,3.0,1536
20260716_agenttrace_closed_loop_sketch_lru_k16_rep5,agenttrace_admission_oracle_v4,trace_derived_simulation,86adc13cec5f5a186ade1082f0fb1da4944533a4,pagarsky/agent-trace: nl2bash_1_7B_20260403T211347Z,https://huggingface.co/datasets/pagarsky/agent-trace,Apache-2.0,250313ae096b0bb8c1986b6f571b68f4ff7617a12026db20214ad84188d12ae5,False,CPU-only; no live vLLM request,closed_loop,sketch,lru,16,False,4,512,5,10,20260716,abaaaa2625d36e1b1ff9b761bc7b810bcf8fdded8a30ce89d674d8dcd686c1ff,512,128,128,structural agent-turn replay; Oracle-K is offline diagnosis only; no raw source text and no live latency.,Current,384,0.026041666666666668,0.3908281676317763,188569.0,90265.0,3.0,3.0,2560
20260716_agenttrace_closed_loop_sketch_lru_k32_rep5,agenttrace_admission_oracle_v4,trace_derived_simulation,86adc13cec5f5a186ade1082f0fb1da4944533a4,pagarsky/agent-trace: nl2bash_1_7B_20260403T211347Z,https://huggingface.co/datasets/pagarsky/agent-trace,Apache-2.0,250313ae096b0bb8c1986b6f571b68f4ff7617a12026db20214ad84188d12ae5,False,CPU-only; no live vLLM request,closed_loop,sketch,lru,32,False,4,512,5,10,20260716,abaaaa2625d36e1b1ff9b761bc7b810bcf8fdded8a30ce89d674d8dcd686c1ff,512,128,128,structural agent-turn replay; Oracle-K is offline diagnosis only; no raw source text and no live latency.,Current,384,0.044270833333333336,0.39091209097162005,188701.0,90397.0,3.0,3.0,4608
20260716_agenttrace_closed_loop_sketch_lru_k64_rep5,agenttrace_admission_oracle_v4,trace_derived_simulation,86adc13cec5f5a186ade1082f0fb1da4944533a4,pagarsky/agent-trace: nl2bash_1_7B_20260403T211347Z,https://huggingface.co/datasets/pagarsky/agent-trace,Apache-2.0,250313ae096b0bb8c1986b6f571b68f4ff7617a12026db20214ad84188d12ae5,False,CPU-only; no live vLLM request,closed_loop,sketch,lru,64,False,4,512,5,10,20260716,abaaaa2625d36e1b1ff9b761bc7b810bcf8fdded8a30ce89d674d8dcd686c1ff,512,128,128,structural agent-turn replay; Oracle-K is offline diagnosis only; no raw source text and no live latency.,Current,384,0.09635416666666667,0.4026420387150205,205432.0,107128.0,3.0,3.0,8704
20260716_agenttrace_closed_loop_sketch_lru_k128_rep5,agenttrace_admission_oracle_v4,trace_derived_simulation,86adc13cec5f5a186ade1082f0fb1da4944533a4,pagarsky/agent-trace: nl2bash_1_7B_20260403T211347Z,https://huggingface.co/datasets/pagarsky/agent-trace,Apache-2.0,250313ae096b0bb8c1986b6f571b68f4ff7617a12026db20214ad84188d12ae5,False,CPU-only; no live vLLM request,closed_loop,sketch,lru,128,False,4,512,5,10,20260716,abaaaa2625d36e1b1ff9b761bc7b810bcf8fdded8a30ce89d674d8dcd686c1ff,512,128,128,structural agent-turn replay; Oracle-K is offline diagnosis only; no raw source text and no live latency.,Current,384,0.13541666666666666,0.41084072518416814,217127.0,118823.0,3.0,3.0,16896
20260716_agenttrace_closed_loop_sketch_lfu_k2_rep5,agenttrace_admission_oracle_v4,trace_derived_simulation,86adc13cec5f5a186ade1082f0fb1da4944533a4,pagarsky/agent-trace: nl2bash_1_7B_20260403T211347Z,https://huggingface.co/datasets/pagarsky/agent-trace,Apache-2.0,250313ae096b0bb8c1986b6f571b68f4ff7617a12026db20214ad84188d12ae5,False,CPU-only; no live vLLM request,closed_loop,sketch,lfu,2,False,4,512,5,10,20260716,abaaaa2625d36e1b1ff9b761bc7b810bcf8fdded8a30ce89d674d8dcd686c1ff,512,128,128,structural agent-turn replay; Oracle-K is offline diagnosis only; no raw source text and no live latency.,Current,384,0.0,0.3873483216874351,183120.0,84816.0,3.0,3.0,768
20260716_agenttrace_closed_loop_sketch_lfu_k4_rep5,agenttrace_admission_oracle_v4,trace_derived_simulation,86adc13cec5f5a186ade1082f0fb1da4944533a4,pagarsky/agent-trace: nl2bash_1_7B_20260403T211347Z,https://huggingface.co/datasets/pagarsky/agent-trace,Apache-2.0,250313ae096b0bb8c1986b6f571b68f4ff7617a12026db20214ad84188d12ae5,False,CPU-only; no live vLLM request,closed_loop,sketch,lfu,4,False,4,512,5,10,20260716,abaaaa2625d36e1b1ff9b761bc7b810bcf8fdded8a30ce89d674d8dcd686c1ff,512,128,128,structural agent-turn replay; Oracle-K is offline diagnosis only; no raw source text and no live latency.,Current,384,0.0,0.3873483216874351,183120.0,84816.0,3.0,3.0,1024
20260716_agenttrace_closed_loop_sketch_lfu_k8_rep5,agenttrace_admission_oracle_v4,trace_derived_simulation,86adc13cec5f5a186ade1082f0fb1da4944533a4,pagarsky/agent-trace: nl2bash_1_7B_20260403T211347Z,https://huggingface.co/datasets/pagarsky/agent-trace,Apache-2.0,250313ae096b0bb8c1986b6f571b68f4ff7617a12026db20214ad84188d12ae5,False,CPU-only; no live vLLM request,closed_loop,sketch,lfu,8,False,4,512,5,10,20260716,abaaaa2625d36e1b1ff9b761bc7b810bcf8fdded8a30ce89d674d8dcd686c1ff,512,128,128,structural agent-turn replay; Oracle-K is offline diagnosis only; no raw source text and no live latency.,Current,384,0.0,0.3873483216874351,183120.0,84816.0,3.0,3.0,1536
20260716_agenttrace_closed_loop_sketch_lfu_k16_rep5,agenttrace_admission_oracle_v4,trace_derived_simulation,86adc13cec5f5a186ade1082f0fb1da4944533a4,pagarsky/agent-trace: nl2bash_1_7B_20260403T211347Z,https://huggingface.co/datasets/pagarsky/agent-trace,Apache-2.0,250313ae096b0bb8c1986b6f571b68f4ff7617a12026db20214ad84188d12ae5,False,CPU-only; no live vLLM request,closed_loop,sketch,lfu,16,False,4,512,5,10,20260716,abaaaa2625d36e1b1ff9b761bc7b810bcf8fdded8a30ce89d674d8dcd686c1ff,512,128,128,structural agent-turn replay; Oracle-K is offline diagnosis only; no raw source text and no live latency.,Current,384,0.005208333333333333,0.3835628704341799,177166.0,78862.0,3.0,3.0,2560
20260716_agenttrace_closed_loop_sketch_lfu_k32_rep5,agenttrace_admission_oracle_v4,trace_derived_simulation,86adc13cec5f5a186ade1082f0fb1da4944533a4,pagarsky/agent-trace: nl2bash_1_7B_20260403T211347Z,https://huggingface.co/datasets/pagarsky/agent-trace,Apache-2.0,250313ae096b0bb8c1986b6f571b68f4ff7617a12026db20214ad84188d12ae5,False,CPU-only; no live vLLM request,closed_loop,sketch,lfu,32,False,4,512,5,10,20260716,abaaaa2625d36e1b1ff9b761bc7b810bcf8fdded8a30ce89d674d8dcd686c1ff,512,128,128,structural agent-turn replay; Oracle-K is offline diagnosis only; no raw source text and no live latency.,Current,384,0.020833333333333332,0.382073866934831,174824.0,76520.0,3.0,3.0,4608
20260716_agenttrace_closed_loop_sketch_lfu_k64_rep5,agenttrace_admission_oracle_v4,trace_derived_simulation,86adc13cec5f5a186ade1082f0fb1da4944533a4,pagarsky/agent-trace: nl2bash_1_7B_20260403T211347Z,https://huggingface.co/datasets/pagarsky/agent-trace,Apache-2.0,250313ae096b0bb8c1986b6f571b68f4ff7617a12026db20214ad84188d12ae5,False,CPU-only; no live vLLM request,closed_loop,sketch,lfu,64,False,4,512,5,10,20260716,abaaaa2625d36e1b1ff9b761bc7b810bcf8fdded8a30ce89d674d8dcd686c1ff,512,128,128,structural agent-turn replay; Oracle-K is offline diagnosis only; no raw source text and no live latency.,Current,384,0.059895833333333336,0.38142044602861863,173969.0,75665.0,3.0,3.0,8704
20260716_agenttrace_closed_loop_sketch_lfu_k128_rep5,agenttrace_admission_oracle_v4,trace_derived_simulation,86adc13cec5f5a186ade1082f0fb1da4944533a4,pagarsky/agent-trace: nl2bash_1_7B_20260403T211347Z,https://huggingface.co/datasets/pagarsky/agent-trace,Apache-2.0,250313ae096b0bb8c1986b6f571b68f4ff7617a12026db20214ad84188d12ae5,False,CPU-only; no live vLLM request,closed_loop,sketch,lfu,128,False,4,512,5,10,20260716,abaaaa2625d36e1b1ff9b761bc7b810bcf8fdded8a30ce89d674d8dcd686c1ff,512,128,128,structural agent-turn replay; Oracle-K is offline diagnosis only; no raw source text and no live latency.,Current,384,0.13541666666666666,0.41084072518416814,217127.0,118823.0,3.0,3.0,16896
20260716_agenttrace_closed_loop_sketch_coverage_first_k2_rep5,agenttrace_admission_oracle_v4,trace_derived_simulation,86adc13cec5f5a186ade1082f0fb1da4944533a4,pagarsky/agent-trace: nl2bash_1_7B_20260403T211347Z,https://huggingface.co/datasets/pagarsky/agent-trace,Apache-2.0,250313ae096b0bb8c1986b6f571b68f4ff7617a12026db20214ad84188d12ae5,False,CPU-only; no live vLLM request,closed_loop,sketch,coverage_first,2,False,4,512,5,10,20260716,abaaaa2625d36e1b1ff9b761bc7b810bcf8fdded8a30ce89d674d8dcd686c1ff,512,128,128,structural agent-turn replay; Oracle-K is offline diagnosis only; no raw source text and no live latency.,Current,384,0.026041666666666668,0.3907995574022841,188524.0,90220.0,1.0,1.0,768
20260716_agenttrace_closed_loop_sketch_coverage_first_k4_rep5,agenttrace_admission_oracle_v4,trace_derived_simulation,86adc13cec5f5a186ade1082f0fb1da4944533a4,pagarsky/agent-trace: nl2bash_1_7B_20260403T211347Z,https://huggingface.co/datasets/pagarsky/agent-trace,Apache-2.0,250313ae096b0bb8c1986b6f571b68f4ff7617a12026db20214ad84188d12ae5,False,CPU-only; no live vLLM request,closed_loop,sketch,coverage_first,4,False,4,512,5,10,20260716,abaaaa2625d36e1b1ff9b761bc7b810bcf8fdded8a30ce89d674d8dcd686c1ff,512,128,128,structural agent-turn replay; Oracle-K is offline diagnosis only; no raw source text and no live latency.,Current,384,0.0390625,0.3970658334439508,198380.0,100076.0,1.0,1.0,1024
20260716_agenttrace_closed_loop_sketch_coverage_first_k8_rep5,agenttrace_admission_oracle_v4,trace_derived_simulation,86adc13cec5f5a186ade1082f0fb1da4944533a4,pagarsky/agent-trace: nl2bash_1_7B_20260403T211347Z,https://huggingface.co/datasets/pagarsky/agent-trace,Apache-2.0,250313ae096b0bb8c1986b6f571b68f4ff7617a12026db20214ad84188d12ae5,False,CPU-only; no live vLLM request,closed_loop,sketch,coverage_first,8,False,4,512,5,10,20260716,abaaaa2625d36e1b1ff9b761bc7b810bcf8fdded8a30ce89d674d8dcd686c1ff,512,128,128,structural agent-turn replay; Oracle-K is offline diagnosis only; no raw source text and no live latency.,Current,384,0.057291666666666664,0.39800933523431536,199864.0,101560.0,2.0,2.0,1536
20260716_agenttrace_closed_loop_sketch_coverage_first_k16_rep5,agenttrace_admission_oracle_v4,trace_derived_simulation,86adc13cec5f5a186ade1082f0fb1da4944533a4,pagarsky/agent-trace: nl2bash_1_7B_20260403T211347Z,https://huggingface.co/datasets/pagarsky/agent-trace,Apache-2.0,250313ae096b0bb8c1986b6f571b68f4ff7617a12026db20214ad84188d12ae5,False,CPU-only; no live vLLM request,closed_loop,sketch,coverage_first,16,False,4,512,5,10,20260716,abaaaa2625d36e1b1ff9b761bc7b810bcf8fdded8a30ce89d674d8dcd686c1ff,512,128,128,structural agent-turn replay; Oracle-K is offline diagnosis only; no raw source text and no live latency.,Current,384,0.0859375,0.39957844737624243,202332.0,104028.0,2.0,2.0,2560
20260716_agenttrace_closed_loop_sketch_coverage_first_k32_rep5,agenttrace_admission_oracle_v4,trace_derived_simulation,86adc13cec5f5a186ade1082f0fb1da4944533a4,pagarsky/agent-trace: nl2bash_1_7B_20260403T211347Z,https://huggingface.co/datasets/pagarsky/agent-trace,Apache-2.0,250313ae096b0bb8c1986b6f571b68f4ff7617a12026db20214ad84188d12ae5,False,CPU-only; no live vLLM request,closed_loop,sketch,coverage_first,32,False,4,512,5,10,20260716,abaaaa2625d36e1b1ff9b761bc7b810bcf8fdded8a30ce89d674d8dcd686c1ff,512,128,128,structural agent-turn replay; Oracle-K is offline diagnosis only; no raw source text and no live latency.,Current,384,0.13020833333333334,0.41084072518416814,217127.0,118823.0,2.0,2.0,4608
20260716_agenttrace_closed_loop_sketch_coverage_first_k64_rep5,agenttrace_admission_oracle_v4,trace_derived_simulation,86adc13cec5f5a186ade1082f0fb1da4944533a4,pagarsky/agent-trace: nl2bash_1_7B_20260403T211347Z,https://huggingface.co/datasets/pagarsky/agent-trace,Apache-2.0,250313ae096b0bb8c1986b6f571b68f4ff7617a12026db20214ad84188d12ae5,False,CPU-only; no live vLLM request,closed_loop,sketch,coverage_first,64,False,4,512,5,10,20260716,abaaaa2625d36e1b1ff9b761bc7b810bcf8fdded8a30ce89d674d8dcd686c1ff,512,128,128,structural agent-turn replay; Oracle-K is offline diagnosis only; no raw source text and no live latency.,Current,384,0.13541666666666666,0.41084072518416814,217127.0,118823.0,2.0,2.0,8704
20260716_agenttrace_closed_loop_sketch_coverage_first_k128_rep5,agenttrace_admission_oracle_v4,trace_derived_simulation,86adc13cec5f5a186ade1082f0fb1da4944533a4,pagarsky/agent-trace: nl2bash_1_7B_20260403T211347Z,https://huggingface.co/datasets/pagarsky/agent-trace,Apache-2.0,250313ae096b0bb8c1986b6f571b68f4ff7617a12026db20214ad84188d12ae5,False,CPU-only; no live vLLM request,closed_loop,sketch,coverage_first,128,False,4,512,5,10,20260716,abaaaa2625d36e1b1ff9b761bc7b810bcf8fdded8a30ce89d674d8dcd686c1ff,512,128,128,structural agent-turn replay; Oracle-K is offline diagnosis only; no raw source text and no live latency.,Current,384,0.13541666666666666,0.41084072518416814,217127.0,118823.0,3.0,3.0,16896
20260716_agenttrace_closed_loop_sketch_saved_prefill_first_k2_rep5,agenttrace_admission_oracle_v4,trace_derived_simulation,86adc13cec5f5a186ade1082f0fb1da4944533a4,pagarsky/agent-trace: nl2bash_1_7B_20260403T211347Z,https://huggingface.co/datasets/pagarsky/agent-trace,Apache-2.0,250313ae096b0bb8c1986b6f571b68f4ff7617a12026db20214ad84188d12ae5,False,CPU-only; no live vLLM request,closed_loop,sketch,saved_prefill_first,2,False,4,512,5,10,20260716,abaaaa2625d36e1b1ff9b761bc7b810bcf8fdded8a30ce89d674d8dcd686c1ff,512,128,128,structural agent-turn replay; Oracle-K is offline diagnosis only; no raw source text and no live latency.,Current,384,0.005208333333333333,0.38583197952434917,180735.0,82431.0,3.0,3.0,768
20260716_agenttrace_closed_loop_sketch_saved_prefill_first_k4_rep5,agenttrace_admission_oracle_v4,trace_derived_simulation,86adc13cec5f5a186ade1082f0fb1da4944533a4,pagarsky/agent-trace: nl2bash_1_7B_20260403T211347Z,https://huggingface.co/datasets/pagarsky/agent-trace,Apache-2.0,250313ae096b0bb8c1986b6f571b68f4ff7617a12026db20214ad84188d12ae5,False,CPU-only; no live vLLM request,closed_loop,sketch,saved_prefill_first,4,False,4,512,5,10,20260716,abaaaa2625d36e1b1ff9b761bc7b810bcf8fdded8a30ce89d674d8dcd686c1ff,512,128,128,structural agent-turn replay; Oracle-K is offline diagnosis only; no raw source text and no live latency.,Current,384,0.013020833333333334,0.38458902399863304,178780.0,80476.0,3.0,3.0,1024
20260716_agenttrace_closed_loop_sketch_saved_prefill_first_k8_rep5,agenttrace_admission_oracle_v4,trace_derived_simulation,86adc13cec5f5a186ade1082f0fb1da4944533a4,pagarsky/agent-trace: nl2bash_1_7B_20260403T211347Z,https://huggingface.co/datasets/pagarsky/agent-trace,Apache-2.0,250313ae096b0bb8c1986b6f571b68f4ff7617a12026db20214ad84188d12ae5,False,CPU-only; no live vLLM request,closed_loop,sketch,saved_prefill_first,8,False,4,512,5,10,20260716,abaaaa2625d36e1b1ff9b761bc7b810bcf8fdded8a30ce89d674d8dcd686c1ff,512,128,128,structural agent-turn replay; Oracle-K is offline diagnosis only; no raw source text and no live latency.,Current,384,0.026041666666666668,0.3856698548905601,180480.0,82176.0,3.0,3.0,1536
20260716_agenttrace_closed_loop_sketch_saved_prefill_first_k16_rep5,agenttrace_admission_oracle_v4,trace_derived_simulation,86adc13cec5f5a186ade1082f0fb1da4944533a4,pagarsky/agent-trace: nl2bash_1_7B_20260403T211347Z,https://huggingface.co/datasets/pagarsky/agent-trace,Apache-2.0,250313ae096b0bb8c1986b6f571b68f4ff7617a12026db20214ad84188d12ae5,False,CPU-only; no live vLLM request,closed_loop,sketch,saved_prefill_first,16,False,4,512,5,10,20260716,abaaaa2625d36e1b1ff9b761bc7b810bcf8fdded8a30ce89d674d8dcd686c1ff,512,128,128,structural agent-turn replay; Oracle-K is offline diagnosis only; no raw source text and no live latency.,Current,384,0.036458333333333336,0.3840961014012112,178151.0,79847.0,3.0,3.0,2560
20260716_agenttrace_closed_loop_sketch_saved_prefill_first_k32_rep5,agenttrace_admission_oracle_v4,trace_derived_simulation,86adc13cec5f5a186ade1082f0fb1da4944533a4,pagarsky/agent-trace: nl2bash_1_7B_20260403T211347Z,https://huggingface.co/datasets/pagarsky/agent-trace,Apache-2.0,250313ae096b0bb8c1986b6f571b68f4ff7617a12026db20214ad84188d12ae5,False,CPU-only; no live vLLM request,closed_loop,sketch,saved_prefill_first,32,False,4,512,5,10,20260716,abaaaa2625d36e1b1ff9b761bc7b810bcf8fdded8a30ce89d674d8dcd686c1ff,512,128,128,structural agent-turn replay; Oracle-K is offline diagnosis only; no raw source text and no live latency.,Current,384,0.044270833333333336,0.3863542142841772,181560.0,83256.0,3.0,3.0,4608
20260716_agenttrace_closed_loop_sketch_saved_prefill_first_k64_rep5,agenttrace_admission_oracle_v4,trace_derived_simulation,86adc13cec5f5a186ade1082f0fb1da4944533a4,pagarsky/agent-trace: nl2bash_1_7B_20260403T211347Z,https://huggingface.co/datasets/pagarsky/agent-trace,Apache-2.0,250313ae096b0bb8c1986b6f571b68f4ff7617a12026db20214ad84188d12ae5,False,CPU-only; no live vLLM request,closed_loop,sketch,saved_prefill_first,64,False,4,512,5,10,20260716,abaaaa2625d36e1b1ff9b761bc7b810bcf8fdded8a30ce89d674d8dcd686c1ff,512,128,128,structural agent-turn replay; Oracle-K is offline diagnosis only; no raw source text and no live latency.,Current,384,0.11197916666666667,0.40282261436931566,206330.0,108026.0,3.0,3.0,8704
20260716_agenttrace_closed_loop_sketch_saved_prefill_first_k128_rep5,agenttrace_admission_oracle_v4,trace_derived_simulation,86adc13cec5f5a186ade1082f0fb1da4944533a4,pagarsky/agent-trace: nl2bash_1_7B_20260403T211347Z,https://huggingface.co/datasets/pagarsky/agent-trace,Apache-2.0,250313ae096b0bb8c1986b6f571b68f4ff7617a12026db20214ad84188d12ae5,False,CPU-only; no live vLLM request,closed_loop,sketch,saved_prefill_first,128,False,4,512,5,10,20260716,abaaaa2625d36e1b1ff9b761bc7b810bcf8fdded8a30ce89d674d8dcd686c1ff,512,128,128,structural agent-turn replay; Oracle-K is offline diagnosis only; no raw source text and no live latency.,Current,384,0.13541666666666666,0.41084072518416814,217127.0,118823.0,3.0,3.0,16896
20260716_agenttrace_closed_loop_sketch_reuse_distance_k2_rep5,agenttrace_admission_oracle_v4,trace_derived_simulation,86adc13cec5f5a186ade1082f0fb1da4944533a4,pagarsky/agent-trace: nl2bash_1_7B_20260403T211347Z,https://huggingface.co/datasets/pagarsky/agent-trace,Apache-2.0,250313ae096b0bb8c1986b6f571b68f4ff7617a12026db20214ad84188d12ae5,False,CPU-only; no live vLLM request,closed_loop,sketch,reuse_distance,2,False,4,512,5,10,20260716,abaaaa2625d36e1b1ff9b761bc7b810bcf8fdded8a30ce89d674d8dcd686c1ff,512,128,128,structural agent-turn replay; Oracle-K is offline diagnosis only; no raw source text and no live latency.,Current,384,0.013020833333333334,0.38530618708457054,179908.0,81604.0,1.0,1.0,768
20260716_agenttrace_closed_loop_sketch_reuse_distance_k4_rep5,agenttrace_admission_oracle_v4,trace_derived_simulation,86adc13cec5f5a186ade1082f0fb1da4944533a4,pagarsky/agent-trace: nl2bash_1_7B_20260403T211347Z,https://huggingface.co/datasets/pagarsky/agent-trace,Apache-2.0,250313ae096b0bb8c1986b6f571b68f4ff7617a12026db20214ad84188d12ae5,False,CPU-only; no live vLLM request,closed_loop,sketch,reuse_distance,4,False,4,512,5,10,20260716,abaaaa2625d36e1b1ff9b761bc7b810bcf8fdded8a30ce89d674d8dcd686c1ff,512,128,128,structural agent-turn replay; Oracle-K is offline diagnosis only; no raw source text and no live latency.,Current,384,0.026041666666666668,0.3856698548905601,180480.0,82176.0,1.0,1.0,1024
20260716_agenttrace_closed_loop_sketch_reuse_distance_k8_rep5,agenttrace_admission_oracle_v4,trace_derived_simulation,86adc13cec5f5a186ade1082f0fb1da4944533a4,pagarsky/agent-trace: nl2bash_1_7B_20260403T211347Z,https://huggingface.co/datasets/pagarsky/agent-trace,Apache-2.0,250313ae096b0bb8c1986b6f571b68f4ff7617a12026db20214ad84188d12ae5,False,CPU-only; no live vLLM request,closed_loop,sketch,reuse_distance,8,False,4,512,5,10,20260716,abaaaa2625d36e1b1ff9b761bc7b810bcf8fdded8a30ce89d674d8dcd686c1ff,512,128,128,structural agent-turn replay; Oracle-K is offline diagnosis only; no raw source text and no live latency.,Current,384,0.033854166666666664,0.3846144553137372,178820.0,80516.0,2.0,2.0,1536
20260716_agenttrace_closed_loop_sketch_reuse_distance_k16_rep5,agenttrace_admission_oracle_v4,trace_derived_simulation,86adc13cec5f5a186ade1082f0fb1da4944533a4,pagarsky/agent-trace: nl2bash_1_7B_20260403T211347Z,https://huggingface.co/datasets/pagarsky/agent-trace,Apache-2.0,250313ae096b0bb8c1986b6f571b68f4ff7617a12026db20214ad84188d12ae5,False,CPU-only; no live vLLM request,closed_loop,sketch,reuse_distance,16,False,4,512,5,10,20260716,abaaaa2625d36e1b1ff9b761bc7b810bcf8fdded8a30ce89d674d8dcd686c1ff,512,128,128,structural agent-turn replay; Oracle-K is offline diagnosis only; no raw source text and no live latency.,Current,384,0.0390625,0.3847077245294664,179113.0,80809.0,3.0,3.0,2560
20260716_agenttrace_closed_loop_sketch_reuse_distance_k32_rep5,agenttrace_admission_oracle_v4,trace_derived_simulation,86adc13cec5f5a186ade1082f0fb1da4944533a4,pagarsky/agent-trace: nl2bash_1_7B_20260403T211347Z,https://huggingface.co/datasets/pagarsky/agent-trace,Apache-2.0,250313ae096b0bb8c1986b6f571b68f4ff7617a12026db20214ad84188d12ae5,False,CPU-only; no live vLLM request,closed_loop,sketch,reuse_distance,32,False,4,512,5,10,20260716,abaaaa2625d36e1b1ff9b761bc7b810bcf8fdded8a30ce89d674d8dcd686c1ff,512,128,128,structural agent-turn replay; Oracle-K is offline diagnosis only; no raw source text and no live latency.,Current,384,0.044270833333333336,0.3863542142841772,181560.0,83256.0,3.0,3.0,4608
20260716_agenttrace_closed_loop_sketch_reuse_distance_k64_rep5,agenttrace_admission_oracle_v4,trace_derived_simulation,86adc13cec5f5a186ade1082f0fb1da4944533a4,pagarsky/agent-trace: nl2bash_1_7B_20260403T211347Z,https://huggingface.co/datasets/pagarsky/agent-trace,Apache-2.0,250313ae096b0bb8c1986b6f571b68f4ff7617a12026db20214ad84188d12ae5,False,CPU-only; no live vLLM request,closed_loop,sketch,reuse_distance,64,False,4,512,5,10,20260716,abaaaa2625d36e1b1ff9b761bc7b810bcf8fdded8a30ce89d674d8dcd686c1ff,512,128,128,structural agent-turn replay; Oracle-K is offline diagnosis only; no raw source text and no live latency.,Current,384,0.11197916666666667,0.40282261436931566,206330.0,108026.0,3.0,3.0,8704
20260716_agenttrace_closed_loop_sketch_reuse_distance_k128_rep5,agenttrace_admission_oracle_v4,trace_derived_simulation,86adc13cec5f5a186ade1082f0fb1da4944533a4,pagarsky/agent-trace: nl2bash_1_7B_20260403T211347Z,https://huggingface.co/datasets/pagarsky/agent-trace,Apache-2.0,250313ae096b0bb8c1986b6f571b68f4ff7617a12026db20214ad84188d12ae5,False,CPU-only; no live vLLM request,closed_loop,sketch,reuse_distance,128,False,4,512,5,10,20260716,abaaaa2625d36e1b1ff9b761bc7b810bcf8fdded8a30ce89d674d8dcd686c1ff,512,128,128,structural agent-turn replay; Oracle-K is offline diagnosis only; no raw source text and no live latency.,Current,384,0.13541666666666666,0.41084072518416814,217127.0,118823.0,3.0,3.0,16896
20260716_agenttrace_closed_loop_sketch_oracle_future_value_k2_rep5,agenttrace_admission_oracle_v4,trace_derived_simulation,86adc13cec5f5a186ade1082f0fb1da4944533a4,pagarsky/agent-trace: nl2bash_1_7B_20260403T211347Z,https://huggingface.co/datasets/pagarsky/agent-trace,Apache-2.0,250313ae096b0bb8c1986b6f571b68f4ff7617a12026db20214ad84188d12ae5,False,CPU-only; no live vLLM request,closed_loop,sketch,oracle_future_value,2,True,4,512,5,10,20260716,abaaaa2625d36e1b1ff9b761bc7b810bcf8fdded8a30ce89d674d8dcd686c1ff,512,128,128,structural agent-turn replay; Oracle-K is offline diagnosis only; no raw source text and no live latency.,UpperBoundOnly,384,0.046875,0.39070461949830754,188399.0,90095.0,2.0,2.0,768
20260716_agenttrace_closed_loop_sketch_oracle_future_value_k4_rep5,agenttrace_admission_oracle_v4,trace_derived_simulation,86adc13cec5f5a186ade1082f0fb1da4944533a4,pagarsky/agent-trace: nl2bash_1_7B_20260403T211347Z,https://huggingface.co/datasets/pagarsky/agent-trace,Apache-2.0,250313ae096b0bb8c1986b6f571b68f4ff7617a12026db20214ad84188d12ae5,False,CPU-only; no live vLLM request,closed_loop,sketch,oracle_future_value,4,True,4,512,5,10,20260716,abaaaa2625d36e1b1ff9b761bc7b810bcf8fdded8a30ce89d674d8dcd686c1ff,512,128,128,structural agent-turn replay; Oracle-K is offline diagnosis only; no raw source text and no live latency.,UpperBoundOnly,384,0.0859375,0.40401922678144864,207669.0,109365.0,2.0,2.0,1024
20260716_agenttrace_closed_loop_sketch_oracle_future_value_k8_rep5,agenttrace_admission_oracle_v4,trace_derived_simulation,86adc13cec5f5a186ade1082f0fb1da4944533a4,pagarsky/agent-trace: nl2bash_1_7B_20260403T211347Z,https://huggingface.co/datasets/pagarsky/agent-trace,Apache-2.0,250313ae096b0bb8c1986b6f571b68f4ff7617a12026db20214ad84188d12ae5,False,CPU-only; no live vLLM request,closed_loop,sketch,oracle_future_value,8,True,4,512,5,10,20260716,abaaaa2625d36e1b1ff9b761bc7b810bcf8fdded8a30ce89d674d8dcd686c1ff,512,128,128,structural agent-turn replay; Oracle-K is offline diagnosis only; no raw source text and no live latency.,UpperBoundOnly,384,0.11197916666666667,0.4075533757175193,213089.0,114785.0,2.0,2.0,1536
20260716_agenttrace_closed_loop_sketch_oracle_future_value_k16_rep5,agenttrace_admission_oracle_v4,trace_derived_simulation,86adc13cec5f5a186ade1082f0fb1da4944533a4,pagarsky/agent-trace: nl2bash_1_7B_20260403T211347Z,https://huggingface.co/datasets/pagarsky/agent-trace,Apache-2.0,250313ae096b0bb8c1986b6f571b68f4ff7617a12026db20214ad84188d12ae5,False,CPU-only; no live vLLM request,closed_loop,sketch,oracle_future_value,16,True,4,512,5,10,20260716,abaaaa2625d36e1b1ff9b761bc7b810bcf8fdded8a30ce89d674d8dcd686c1ff,512,128,128,structural agent-turn replay; Oracle-K is offline diagnosis only; no raw source text and no live latency.,UpperBoundOnly,384,0.13541666666666666,0.41084072518416814,217127.0,118823.0,2.0,2.0,2560
20260716_agenttrace_closed_loop_sketch_oracle_future_value_k32_rep5,agenttrace_admission_oracle_v4,trace_derived_simulation,86adc13cec5f5a186ade1082f0fb1da4944533a4,pagarsky/agent-trace: nl2bash_1_7B_20260403T211347Z,https://huggingface.co/datasets/pagarsky/agent-trace,Apache-2.0,250313ae096b0bb8c1986b6f571b68f4ff7617a12026db20214ad84188d12ae5,False,CPU-only; no live vLLM request,closed_loop,sketch,oracle_future_value,32,True,4,512,5,10,20260716,abaaaa2625d36e1b1ff9b761bc7b810bcf8fdded8a30ce89d674d8dcd686c1ff,512,128,128,structural agent-turn replay; Oracle-K is offline diagnosis only; no raw source text and no live latency.,UpperBoundOnly,384,0.13541666666666666,0.41084072518416814,217127.0,118823.0,2.0,2.0,4608
20260716_agenttrace_closed_loop_sketch_oracle_future_value_k64_rep5,agenttrace_admission_oracle_v4,trace_derived_simulation,86adc13cec5f5a186ade1082f0fb1da4944533a4,pagarsky/agent-trace: nl2bash_1_7B_20260403T211347Z,https://huggingface.co/datasets/pagarsky/agent-trace,Apache-2.0,250313ae096b0bb8c1986b6f571b68f4ff7617a12026db20214ad84188d12ae5,False,CPU-only; no live vLLM request,closed_loop,sketch,oracle_future_value,64,True,4,512,5,10,20260716,abaaaa2625d36e1b1ff9b761bc7b810bcf8fdded8a30ce89d674d8dcd686c1ff,512,128,128,structural agent-turn replay; Oracle-K is offline diagnosis only; no raw source text and no live latency.,UpperBoundOnly,384,0.13541666666666666,0.41084072518416814,217127.0,118823.0,3.0,3.0,8704
20260716_agenttrace_closed_loop_sketch_oracle_future_value_k128_rep5,agenttrace_admission_oracle_v4,trace_derived_simulation,86adc13cec5f5a186ade1082f0fb1da4944533a4,pagarsky/agent-trace: nl2bash_1_7B_20260403T211347Z,https://huggingface.co/datasets/pagarsky/agent-trace,Apache-2.0,250313ae096b0bb8c1986b6f571b68f4ff7617a12026db20214ad84188d12ae5,False,CPU-only; no live vLLM request,closed_loop,sketch,oracle_future_value,128,True,4,512,5,10,20260716,abaaaa2625d36e1b1ff9b761bc7b810bcf8fdded8a30ce89d674d8dcd686c1ff,512,128,128,structural agent-turn replay; Oracle-K is offline diagnosis only; no raw source text and no live latency.,UpperBoundOnly,384,0.13541666666666666,0.41084072518416814,217127.0,118823.0,3.0,3.0,16896
20260716_agenttrace_frozen_load_only_kinf_rep6,agenttrace_admission_oracle_v4,trace_derived_simulation,86adc13cec5f5a186ade1082f0fb1da4944533a4,pagarsky/agent-trace: nl2bash_1_7B_20260403T211347Z,https://huggingface.co/datasets/pagarsky/agent-trace,Apache-2.0,250313ae096b0bb8c1986b6f571b68f4ff7617a12026db20214ad84188d12ae5,False,CPU-only; no live vLLM request,frozen,load_only,none,inf,False,4,512,6,10,20260716,067a9b97e93eed1e395fbab614fb768113f9dc11935ccdce737e844c3563c5da,512,128,128,structural agent-turn replay; Oracle-K is offline diagnosis only; no raw source text and no live latency.,Current,384,0.0,0.3372445459553304,103298.0,4994.0,0.0,0.0,384
20260716_agenttrace_frozen_exact_kinf_rep6,agenttrace_admission_oracle_v4,trace_derived_simulation,86adc13cec5f5a186ade1082f0fb1da4944533a4,pagarsky/agent-trace: nl2bash_1_7B_20260403T211347Z,https://huggingface.co/datasets/pagarsky/agent-trace,Apache-2.0,250313ae096b0bb8c1986b6f571b68f4ff7617a12026db20214ad84188d12ae5,False,CPU-only; no live vLLM request,frozen,exact,exact,inf,False,4,512,6,10,20260716,067a9b97e93eed1e395fbab614fb768113f9dc11935ccdce737e844c3563c5da,512,128,128,structural agent-turn replay; Oracle-K is offline diagnosis only; no raw source text and no live latency.,Current,384,1.0,0.344374056583442,109323.0,11019.0,4.0,4.0,10688
20260716_agenttrace_frozen_sketch_lru_k2_rep6,agenttrace_admission_oracle_v4,trace_derived_simulation,86adc13cec5f5a186ade1082f0fb1da4944533a4,pagarsky/agent-trace: nl2bash_1_7B_20260403T211347Z,https://huggingface.co/datasets/pagarsky/agent-trace,Apache-2.0,250313ae096b0bb8c1986b6f571b68f4ff7617a12026db20214ad84188d12ae5,False,CPU-only; no live vLLM request,frozen,sketch,lru,2,False,4,512,6,10,20260716,067a9b97e93eed1e395fbab614fb768113f9dc11935ccdce737e844c3563c5da,512,128,128,structural agent-turn replay; Oracle-K is offline diagnosis only; no raw source text and no live latency.,Current,384,0.005208333333333333,0.33800984483831825,104716.0,6412.0,0.0,0.0,896
20260716_agenttrace_frozen_sketch_lru_k4_rep6,agenttrace_admission_oracle_v4,trace_derived_simulation,86adc13cec5f5a186ade1082f0fb1da4944533a4,pagarsky/agent-trace: nl2bash_1_7B_20260403T211347Z,https://huggingface.co/datasets/pagarsky/agent-trace,Apache-2.0,250313ae096b0bb8c1986b6f571b68f4ff7617a12026db20214ad84188d12ae5,False,CPU-only; no live vLLM request,frozen,sketch,lru,4,False,4,512,6,10,20260716,067a9b97e93eed1e395fbab614fb768113f9dc11935ccdce737e844c3563c5da,512,128,128,structural agent-turn replay; Oracle-K is offline diagnosis only; no raw source text and no live latency.,Current,384,0.005208333333333333,0.33845463549099636,104947.0,6643.0,0.0,0.0,1408
20260716_agenttrace_frozen_sketch_lru_k8_rep6,agenttrace_admission_oracle_v4,trace_derived_simulation,86adc13cec5f5a186ade1082f0fb1da4944533a4,pagarsky/agent-trace: nl2bash_1_7B_20260403T211347Z,https://huggingface.co/datasets/pagarsky/agent-trace,Apache-2.0,250313ae096b0bb8c1986b6f571b68f4ff7617a12026db20214ad84188d12ae5,False,CPU-only; no live vLLM request,frozen,sketch,lru,8,False,4,512,6,10,20260716,067a9b97e93eed1e395fbab614fb768113f9dc11935ccdce737e844c3563c5da,512,128,128,structural agent-turn replay; Oracle-K is offline diagnosis only; no raw source text and no live latency.,Current,384,0.005208333333333333,0.338016045647191,104774.0,6470.0,1.0,1.0,2432
20260716_agenttrace_frozen_sketch_lru_k16_rep6,agenttrace_admission_oracle_v4,trace_derived_simulation,86adc13cec5f5a186ade1082f0fb1da4944533a4,pagarsky/agent-trace: nl2bash_1_7B_20260403T211347Z,https://huggingface.co/datasets/pagarsky/agent-trace,Apache-2.0,250313ae096b0bb8c1986b6f571b68f4ff7617a12026db20214ad84188d12ae5,False,CPU-only; no live vLLM request,frozen,sketch,lru,16,False,4,512,6,10,20260716,067a9b97e93eed1e395fbab614fb768113f9dc11935ccdce737e844c3563c5da,512,128,128,structural agent-turn replay; Oracle-K is offline diagnosis only; no raw source text and no live latency.,Current,384,0.005208333333333333,0.3381235635947129,104978.0,6674.0,1.0,1.0,4480
20260716_agenttrace_frozen_sketch_lru_k32_rep6,agenttrace_admission_oracle_v4,trace_derived_simulation,86adc13cec5f5a186ade1082f0fb1da4944533a4,pagarsky/agent-trace: nl2bash_1_7B_20260403T211347Z,https://huggingface.co/datasets/pagarsky/agent-trace,Apache-2.0,250313ae096b0bb8c1986b6f571b68f4ff7617a12026db20214ad84188d12ae5,False,CPU-only; no live vLLM request,frozen,sketch,lru,32,False,4,512,6,10,20260716,067a9b97e93eed1e395fbab614fb768113f9dc11935ccdce737e844c3563c5da,512,128,128,structural agent-turn replay; Oracle-K is offline diagnosis only; no raw source text and no live latency.,Current,384,0.005208333333333333,0.3379342297438118,104619.0,6315.0,1.0,1.0,8576
20260716_agenttrace_frozen_sketch_lru_k64_rep6,agenttrace_admission_oracle_v4,trace_derived_simulation,86adc13cec5f5a186ade1082f0fb1da4944533a4,pagarsky/agent-trace: nl2bash_1_7B_20260403T211347Z,https://huggingface.co/datasets/pagarsky/agent-trace,Apache-2.0,250313ae096b0bb8c1986b6f571b68f4ff7617a12026db20214ad84188d12ae5,False,CPU-only; no live vLLM request,frozen,sketch,lru,64,False,4,512,6,10,20260716,067a9b97e93eed1e395fbab614fb768113f9dc11935ccdce737e844c3563c5da,512,128,128,structural agent-turn replay; Oracle-K is offline diagnosis only; no raw source text and no live latency.,Current,384,0.005208333333333333,0.3380452745703054,104974.0,6670.0,4.0,4.0,10688
20260716_agenttrace_frozen_sketch_lru_k128_rep6,agenttrace_admission_oracle_v4,trace_derived_simulation,86adc13cec5f5a186ade1082f0fb1da4944533a4,pagarsky/agent-trace: nl2bash_1_7B_20260403T211347Z,https://huggingface.co/datasets/pagarsky/agent-trace,Apache-2.0,250313ae096b0bb8c1986b6f571b68f4ff7617a12026db20214ad84188d12ae5,False,CPU-only; no live vLLM request,frozen,sketch,lru,128,False,4,512,6,10,20260716,067a9b97e93eed1e395fbab614fb768113f9dc11935ccdce737e844c3563c5da,512,128,128,structural agent-turn replay; Oracle-K is offline diagnosis only; no raw source text and no live latency.,Current,384,0.005208333333333333,0.3380452745703054,104974.0,6670.0,4.0,4.0,10688
20260716_agenttrace_frozen_sketch_lfu_k2_rep6,agenttrace_admission_oracle_v4,trace_derived_simulation,86adc13cec5f5a186ade1082f0fb1da4944533a4,pagarsky/agent-trace: nl2bash_1_7B_20260403T211347Z,https://huggingface.co/datasets/pagarsky/agent-trace,Apache-2.0,250313ae096b0bb8c1986b6f571b68f4ff7617a12026db20214ad84188d12ae5,False,CPU-only; no live vLLM request,frozen,sketch,lfu,2,False,4,512,6,10,20260716,067a9b97e93eed1e395fbab614fb768113f9dc11935ccdce737e844c3563c5da,512,128,128,structural agent-turn replay; Oracle-K is offline diagnosis only; no raw source text and no live latency.,Current,384,0.0,0.3351486477799408,100418.0,2114.0,4.0,4.0,896
20260716_agenttrace_frozen_sketch_lfu_k4_rep6,agenttrace_admission_oracle_v4,trace_derived_simulation,86adc13cec5f5a186ade1082f0fb1da4944533a4,pagarsky/agent-trace: nl2bash_1_7B_20260403T211347Z,https://huggingface.co/datasets/pagarsky/agent-trace,Apache-2.0,250313ae096b0bb8c1986b6f571b68f4ff7617a12026db20214ad84188d12ae5,False,CPU-only; no live vLLM request,frozen,sketch,lfu,4,False,4,512,6,10,20260716,067a9b97e93eed1e395fbab614fb768113f9dc11935ccdce737e844c3563c5da,512,128,128,structural agent-turn replay; Oracle-K is offline diagnosis only; no raw source text and no live latency.,Current,384,0.005208333333333333,0.3361074083593679,101926.0,3622.0,4.0,4.0,1408
20260716_agenttrace_frozen_sketch_lfu_k8_rep6,agenttrace_admission_oracle_v4,trace_derived_simulation,86adc13cec5f5a186ade1082f0fb1da4944533a4,pagarsky/agent-trace: nl2bash_1_7B_20260403T211347Z,https://huggingface.co/datasets/pagarsky/agent-trace,Apache-2.0,250313ae096b0bb8c1986b6f571b68f4ff7617a12026db20214ad84188d12ae5,False,CPU-only; no live vLLM request,frozen,sketch,lfu,8,False,4,512,6,10,20260716,067a9b97e93eed1e395fbab614fb768113f9dc11935ccdce737e844c3563c5da,512,128,128,structural agent-turn replay; Oracle-K is offline diagnosis only; no raw source text and no live latency.,Current,384,0.005208333333333333,0.3361074083593679,101926.0,3622.0,4.0,4.0,2432
20260716_agenttrace_frozen_sketch_lfu_k16_rep6,agenttrace_admission_oracle_v4,trace_derived_simulation,86adc13cec5f5a186ade1082f0fb1da4944533a4,pagarsky/agent-trace: nl2bash_1_7B_20260403T211347Z,https://huggingface.co/datasets/pagarsky/agent-trace,Apache-2.0,250313ae096b0bb8c1986b6f571b68f4ff7617a12026db20214ad84188d12ae5,False,CPU-only; no live vLLM request,frozen,sketch,lfu,16,False,4,512,6,10,20260716,067a9b97e93eed1e395fbab614fb768113f9dc11935ccdce737e844c3563c5da,512,128,128,structural agent-turn replay; Oracle-K is offline diagnosis only; no raw source text and no live latency.,Current,384,0.005208333333333333,0.3361074083593679,101926.0,3622.0,4.0,4.0,4480
20260716_agenttrace_frozen_sketch_lfu_k32_rep6,agenttrace_admission_oracle_v4,trace_derived_simulation,86adc13cec5f5a186ade1082f0fb1da4944533a4,pagarsky/agent-trace: nl2bash_1_7B_20260403T211347Z,https://huggingface.co/datasets/pagarsky/agent-trace,Apache-2.0,250313ae096b0bb8c1986b6f571b68f4ff7617a12026db20214ad84188d12ae5,False,CPU-only; no live vLLM request,frozen,sketch,lfu,32,False,4,512,6,10,20260716,067a9b97e93eed1e395fbab614fb768113f9dc11935ccdce737e844c3563c5da,512,128,128,structural agent-turn replay; Oracle-K is offline diagnosis only; no raw source text and no live latency.,Current,384,0.005208333333333333,0.3380452745703054,104974.0,6670.0,4.0,4.0,8576
20260716_agenttrace_frozen_sketch_lfu_k64_rep6,agenttrace_admission_oracle_v4,trace_derived_simulation,86adc13cec5f5a186ade1082f0fb1da4944533a4,pagarsky/agent-trace: nl2bash_1_7B_20260403T211347Z,https://huggingface.co/datasets/pagarsky/agent-trace,Apache-2.0,250313ae096b0bb8c1986b6f571b68f4ff7617a12026db20214ad84188d12ae5,False,CPU-only; no live vLLM request,frozen,sketch,lfu,64,False,4,512,6,10,20260716,067a9b97e93eed1e395fbab614fb768113f9dc11935ccdce737e844c3563c5da,512,128,128,structural agent-turn replay; Oracle-K is offline diagnosis only; no raw source text and no live latency.,Current,384,0.005208333333333333,0.3380452745703054,104974.0,6670.0,4.0,4.0,10688
20260716_agenttrace_frozen_sketch_lfu_k128_rep6,agenttrace_admission_oracle_v4,trace_derived_simulation,86adc13cec5f5a186ade1082f0fb1da4944533a4,pagarsky/agent-trace: nl2bash_1_7B_20260403T211347Z,https://huggingface.co/datasets/pagarsky/agent-trace,Apache-2.0,250313ae096b0bb8c1986b6f571b68f4ff7617a12026db20214ad84188d12ae5,False,CPU-only; no live vLLM request,frozen,sketch,lfu,128,False,4,512,6,10,20260716,067a9b97e93eed1e395fbab614fb768113f9dc11935ccdce737e844c3563c5da,512,128,128,structural agent-turn replay; Oracle-K is offline diagnosis only; no raw source text and no live latency.,Current,384,0.005208333333333333,0.3380452745703054,104974.0,6670.0,4.0,4.0,10688
20260716_agenttrace_frozen_sketch_coverage_first_k2_rep6,agenttrace_admission_oracle_v4,trace_derived_simulation,86adc13cec5f5a186ade1082f0fb1da4944533a4,pagarsky/agent-trace: nl2bash_1_7B_20260403T211347Z,https://huggingface.co/datasets/pagarsky/agent-trace,Apache-2.0,250313ae096b0bb8c1986b6f571b68f4ff7617a12026db20214ad84188d12ae5,False,CPU-only; no live vLLM request,frozen,sketch,coverage_first,2,False,4,512,6,10,20260716,067a9b97e93eed1e395fbab614fb768113f9dc11935ccdce737e844c3563c5da,512,128,128,structural agent-turn replay; Oracle-K is offline diagnosis only; no raw source text and no live latency.,Current,384,0.005208333333333333,0.33820568292668834,104733.0,6429.0,0.0,0.0,896
20260716_agenttrace_frozen_sketch_coverage_first_k4_rep6,agenttrace_admission_oracle_v4,trace_derived_simulation,86adc13cec5f5a186ade1082f0fb1da4944533a4,pagarsky/agent-trace: nl2bash_1_7B_20260403T211347Z,https://huggingface.co/datasets/pagarsky/agent-trace,Apache-2.0,250313ae096b0bb8c1986b6f571b68f4ff7617a12026db20214ad84188d12ae5,False,CPU-only; no live vLLM request,frozen,sketch,coverage_first,4,False,4,512,6,10,20260716,067a9b97e93eed1e395fbab614fb768113f9dc11935ccdce737e844c3563c5da,512,128,128,structural agent-turn replay; Oracle-K is offline diagnosis only; no raw source text and no live latency.,Current,384,0.005208333333333333,0.3382284979208195,104886.0,6582.0,0.0,0.0,1408
20260716_agenttrace_frozen_sketch_coverage_first_k8_rep6,agenttrace_admission_oracle_v4,trace_derived_simulation,86adc13cec5f5a186ade1082f0fb1da4944533a4,pagarsky/agent-trace: nl2bash_1_7B_20260403T211347Z,https://huggingface.co/datasets/pagarsky/agent-trace,Apache-2.0,250313ae096b0bb8c1986b6f571b68f4ff7617a12026db20214ad84188d12ae5,False,CPU-only; no live vLLM request,frozen,sketch,coverage_first,8,False,4,512,6,10,20260716,067a9b97e93eed1e395fbab614fb768113f9dc11935ccdce737e844c3563c5da,512,128,128,structural agent-turn replay; Oracle-K is offline diagnosis only; no raw source text and no live latency.,Current,384,0.005208333333333333,0.3381394061665903,104840.0,6536.0,1.0,1.0,2432
20260716_agenttrace_frozen_sketch_coverage_first_k16_rep6,agenttrace_admission_oracle_v4,trace_derived_simulation,86adc13cec5f5a186ade1082f0fb1da4944533a4,pagarsky/agent-trace: nl2bash_1_7B_20260403T211347Z,https://huggingface.co/datasets/pagarsky/agent-trace,Apache-2.0,250313ae096b0bb8c1986b6f571b68f4ff7617a12026db20214ad84188d12ae5,False,CPU-only; no live vLLM request,frozen,sketch,coverage_first,16,False,4,512,6,10,20260716,067a9b97e93eed1e395fbab614fb768113f9dc11935ccdce737e844c3563c5da,512,128,128,structural agent-turn replay; Oracle-K is offline diagnosis only; no raw source text and no live latency.,Current,384,0.005208333333333333,0.3380872293155119,104787.0,6483.0,1.0,1.0,4480
20260716_agenttrace_frozen_sketch_coverage_first_k32_rep6,agenttrace_admission_oracle_v4,trace_derived_simulation,86adc13cec5f5a186ade1082f0fb1da4944533a4,pagarsky/agent-trace: nl2bash_1_7B_20260403T211347Z,https://huggingface.co/datasets/pagarsky/agent-trace,Apache-2.0,250313ae096b0bb8c1986b6f571b68f4ff7617a12026db20214ad84188d12ae5,False,CPU-only; no live vLLM request,frozen,sketch,coverage_first,32,False,4,512,6,10,20260716,067a9b97e93eed1e395fbab614fb768113f9dc11935ccdce737e844c3563c5da,512,128,128,structural agent-turn replay; Oracle-K is offline diagnosis only; no raw source text and no live latency.,Current,384,0.005208333333333333,0.33833519418416946,104880.0,6576.0,1.0,1.0,8576
20260716_agenttrace_frozen_sketch_coverage_first_k64_rep6,agenttrace_admission_oracle_v4,trace_derived_simulation,86adc13cec5f5a186ade1082f0fb1da4944533a4,pagarsky/agent-trace: nl2bash_1_7B_20260403T211347Z,https://huggingface.co/datasets/pagarsky/agent-trace,Apache-2.0,250313ae096b0bb8c1986b6f571b68f4ff7617a12026db20214ad84188d12ae5,False,CPU-only; no live vLLM request,frozen,sketch,coverage_first,64,False,4,512,6,10,20260716,067a9b97e93eed1e395fbab614fb768113f9dc11935ccdce737e844c3563c5da,512,128,128,structural agent-turn replay; Oracle-K is offline diagnosis only; no raw source text and no live latency.,Current,384,0.005208333333333333,0.3380452745703054,104974.0,6670.0,4.0,4.0,10688
20260716_agenttrace_frozen_sketch_coverage_first_k128_rep6,agenttrace_admission_oracle_v4,trace_derived_simulation,86adc13cec5f5a186ade1082f0fb1da4944533a4,pagarsky/agent-trace: nl2bash_1_7B_20260403T211347Z,https://huggingface.co/datasets/pagarsky/agent-trace,Apache-2.0,250313ae096b0bb8c1986b6f571b68f4ff7617a12026db20214ad84188d12ae5,False,CPU-only; no live vLLM request,frozen,sketch,coverage_first,128,False,4,512,6,10,20260716,067a9b97e93eed1e395fbab614fb768113f9dc11935ccdce737e844c3563c5da,512,128,128,structural agent-turn replay; Oracle-K is offline diagnosis only; no raw source text and no live latency.,Current,384,0.005208333333333333,0.3380452745703054,104974.0,6670.0,4.0,4.0,10688
20260716_agenttrace_frozen_sketch_saved_prefill_first_k2_rep6,agenttrace_admission_oracle_v4,trace_derived_simulation,86adc13cec5f5a186ade1082f0fb1da4944533a4,pagarsky/agent-trace: nl2bash_1_7B_20260403T211347Z,https://huggingface.co/datasets/pagarsky/agent-trace,Apache-2.0,250313ae096b0bb8c1986b6f571b68f4ff7617a12026db20214ad84188d12ae5,False,CPU-only; no live vLLM request,frozen,sketch,saved_prefill_first,2,False,4,512,6,10,20260716,067a9b97e93eed1e395fbab614fb768113f9dc11935ccdce737e844c3563c5da,512,128,128,structural agent-turn replay; Oracle-K is offline diagnosis only; no raw source text and no live latency.,Current,384,0.005208333333333333,0.3380452745703054,104974.0,6670.0,4.0,4.0,896
20260716_agenttrace_frozen_sketch_saved_prefill_first_k4_rep6,agenttrace_admission_oracle_v4,trace_derived_simulation,86adc13cec5f5a186ade1082f0fb1da4944533a4,pagarsky/agent-trace: nl2bash_1_7B_20260403T211347Z,https://huggingface.co/datasets/pagarsky/agent-trace,Apache-2.0,250313ae096b0bb8c1986b6f571b68f4ff7617a12026db20214ad84188d12ae5,False,CPU-only; no live vLLM request,frozen,sketch,saved_prefill_first,4,False,4,512,6,10,20260716,067a9b97e93eed1e395fbab614fb768113f9dc11935ccdce737e844c3563c5da,512,128,128,structural agent-turn replay; Oracle-K is offline diagnosis only; no raw source text and no live latency.,Current,384,0.005208333333333333,0.3380452745703054,104974.0,6670.0,4.0,4.0,1408
20260716_agenttrace_frozen_sketch_saved_prefill_first_k8_rep6,agenttrace_admission_oracle_v4,trace_derived_simulation,86adc13cec5f5a186ade1082f0fb1da4944533a4,pagarsky/agent-trace: nl2bash_1_7B_20260403T211347Z,https://huggingface.co/datasets/pagarsky/agent-trace,Apache-2.0,250313ae096b0bb8c1986b6f571b68f4ff7617a12026db20214ad84188d12ae5,False,CPU-only; no live vLLM request,frozen,sketch,saved_prefill_first,8,False,4,512,6,10,20260716,067a9b97e93eed1e395fbab614fb768113f9dc11935ccdce737e844c3563c5da,512,128,128,structural agent-turn replay; Oracle-K is offline diagnosis only; no raw source text and no live latency.,Current,384,0.005208333333333333,0.3380452745703054,104974.0,6670.0,4.0,4.0,2432
20260716_agenttrace_frozen_sketch_saved_prefill_first_k16_rep6,agenttrace_admission_oracle_v4,trace_derived_simulation,86adc13cec5f5a186ade1082f0fb1da4944533a4,pagarsky/agent-trace: nl2bash_1_7B_20260403T211347Z,https://huggingface.co/datasets/pagarsky/agent-trace,Apache-2.0,250313ae096b0bb8c1986b6f571b68f4ff7617a12026db20214ad84188d12ae5,False,CPU-only; no live vLLM request,frozen,sketch,saved_prefill_first,16,False,4,512,6,10,20260716,067a9b97e93eed1e395fbab614fb768113f9dc11935ccdce737e844c3563c5da,512,128,128,structural agent-turn replay; Oracle-K is offline diagnosis only; no raw source text and no live latency.,Current,384,0.005208333333333333,0.3380452745703054,104974.0,6670.0,4.0,4.0,4480
20260716_agenttrace_frozen_sketch_saved_prefill_first_k32_rep6,agenttrace_admission_oracle_v4,trace_derived_simulation,86adc13cec5f5a186ade1082f0fb1da4944533a4,pagarsky/agent-trace: nl2bash_1_7B_20260403T211347Z,https://huggingface.co/datasets/pagarsky/agent-trace,Apache-2.0,250313ae096b0bb8c1986b6f571b68f4ff7617a12026db20214ad84188d12ae5,False,CPU-only; no live vLLM request,frozen,sketch,saved_prefill_first,32,False,4,512,6,10,20260716,067a9b97e93eed1e395fbab614fb768113f9dc11935ccdce737e844c3563c5da,512,128,128,structural agent-turn replay; Oracle-K is offline diagnosis only; no raw source text and no live latency.,Current,384,0.005208333333333333,0.3380452745703054,104974.0,6670.0,4.0,4.0,8576
20260716_agenttrace_frozen_sketch_saved_prefill_first_k64_rep6,agenttrace_admission_oracle_v4,trace_derived_simulation,86adc13cec5f5a186ade1082f0fb1da4944533a4,pagarsky/agent-trace: nl2bash_1_7B_20260403T211347Z,https://huggingface.co/datasets/pagarsky/agent-trace,Apache-2.0,250313ae096b0bb8c1986b6f571b68f4ff7617a12026db20214ad84188d12ae5,False,CPU-only; no live vLLM request,frozen,sketch,saved_prefill_first,64,False,4,512,6,10,20260716,067a9b97e93eed1e395fbab614fb768113f9dc11935ccdce737e844c3563c5da,512,128,128,structural agent-turn replay; Oracle-K is offline diagnosis only; no raw source text and no live latency.,Current,384,0.005208333333333333,0.3380452745703054,104974.0,6670.0,4.0,4.0,10688
20260716_agenttrace_frozen_sketch_saved_prefill_first_k128_rep6,agenttrace_admission_oracle_v4,trace_derived_simulation,86adc13cec5f5a186ade1082f0fb1da4944533a4,pagarsky/agent-trace: nl2bash_1_7B_20260403T211347Z,https://huggingface.co/datasets/pagarsky/agent-trace,Apache-2.0,250313ae096b0bb8c1986b6f571b68f4ff7617a12026db20214ad84188d12ae5,False,CPU-only; no live vLLM request,frozen,sketch,saved_prefill_first,128,False,4,512,6,10,20260716,067a9b97e93eed1e395fbab614fb768113f9dc11935ccdce737e844c3563c5da,512,128,128,structural agent-turn replay; Oracle-K is offline diagnosis only; no raw source text and no live latency.,Current,384,0.005208333333333333,0.3380452745703054,104974.0,6670.0,4.0,4.0,10688
20260716_agenttrace_frozen_sketch_reuse_distance_k2_rep6,agenttrace_admission_oracle_v4,trace_derived_simulation,86adc13cec5f5a186ade1082f0fb1da4944533a4,pagarsky/agent-trace: nl2bash_1_7B_20260403T211347Z,https://huggingface.co/datasets/pagarsky/agent-trace,Apache-2.0,250313ae096b0bb8c1986b6f571b68f4ff7617a12026db20214ad84188d12ae5,False,CPU-only; no live vLLM request,frozen,sketch,reuse_distance,2,False,4,512,6,10,20260716,067a9b97e93eed1e395fbab614fb768113f9dc11935ccdce737e844c3563c5da,512,128,128,structural agent-turn replay; Oracle-K is offline diagnosis only; no raw source text and no live latency.,Current,384,0.005208333333333333,0.33820568292668834,104733.0,6429.0,0.0,0.0,896
20260716_agenttrace_frozen_sketch_reuse_distance_k4_rep6,agenttrace_admission_oracle_v4,trace_derived_simulation,86adc13cec5f5a186ade1082f0fb1da4944533a4,pagarsky/agent-trace: nl2bash_1_7B_20260403T211347Z,https://huggingface.co/datasets/pagarsky/agent-trace,Apache-2.0,250313ae096b0bb8c1986b6f571b68f4ff7617a12026db20214ad84188d12ae5,False,CPU-only; no live vLLM request,frozen,sketch,reuse_distance,4,False,4,512,6,10,20260716,067a9b97e93eed1e395fbab614fb768113f9dc11935ccdce737e844c3563c5da,512,128,128,structural agent-turn replay; Oracle-K is offline diagnosis only; no raw source text and no live latency.,Current,384,0.005208333333333333,0.3378253381005773,104696.0,6392.0,0.0,0.0,1408
20260716_agenttrace_frozen_sketch_reuse_distance_k8_rep6,agenttrace_admission_oracle_v4,trace_derived_simulation,86adc13cec5f5a186ade1082f0fb1da4944533a4,pagarsky/agent-trace: nl2bash_1_7B_20260403T211347Z,https://huggingface.co/datasets/pagarsky/agent-trace,Apache-2.0,250313ae096b0bb8c1986b6f571b68f4ff7617a12026db20214ad84188d12ae5,False,CPU-only; no live vLLM request,frozen,sketch,reuse_distance,8,False,4,512,6,10,20260716,067a9b97e93eed1e395fbab614fb768113f9dc11935ccdce737e844c3563c5da,512,128,128,structural agent-turn replay; Oracle-K is offline diagnosis only; no raw source text and no live latency.,Current,384,0.005208333333333333,0.3381394061665903,104840.0,6536.0,1.0,1.0,2432
20260716_agenttrace_frozen_sketch_reuse_distance_k16_rep6,agenttrace_admission_oracle_v4,trace_derived_simulation,86adc13cec5f5a186ade1082f0fb1da4944533a4,pagarsky/agent-trace: nl2bash_1_7B_20260403T211347Z,https://huggingface.co/datasets/pagarsky/agent-trace,Apache-2.0,250313ae096b0bb8c1986b6f571b68f4ff7617a12026db20214ad84188d12ae5,False,CPU-only; no live vLLM request,frozen,sketch,reuse_distance,16,False,4,512,6,10,20260716,067a9b97e93eed1e395fbab614fb768113f9dc11935ccdce737e844c3563c5da,512,128,128,structural agent-turn replay; Oracle-K is offline diagnosis only; no raw source text and no live latency.,Current,384,0.005208333333333333,0.3379451758816521,104695.0,6391.0,1.0,1.0,4480
20260716_agenttrace_frozen_sketch_reuse_distance_k32_rep6,agenttrace_admission_oracle_v4,trace_derived_simulation,86adc13cec5f5a186ade1082f0fb1da4944533a4,pagarsky/agent-trace: nl2bash_1_7B_20260403T211347Z,https://huggingface.co/datasets/pagarsky/agent-trace,Apache-2.0,250313ae096b0bb8c1986b6f571b68f4ff7617a12026db20214ad84188d12ae5,False,CPU-only; no live vLLM request,frozen,sketch,reuse_distance,32,False,4,512,6,10,20260716,067a9b97e93eed1e395fbab614fb768113f9dc11935ccdce737e844c3563c5da,512,128,128,structural agent-turn replay; Oracle-K is offline diagnosis only; no raw source text and no live latency.,Current,384,0.005208333333333333,0.3381424538623203,104817.0,6513.0,1.0,1.0,8576
20260716_agenttrace_frozen_sketch_reuse_distance_k64_rep6,agenttrace_admission_oracle_v4,trace_derived_simulation,86adc13cec5f5a186ade1082f0fb1da4944533a4,pagarsky/agent-trace: nl2bash_1_7B_20260403T211347Z,https://huggingface.co/datasets/pagarsky/agent-trace,Apache-2.0,250313ae096b0bb8c1986b6f571b68f4ff7617a12026db20214ad84188d12ae5,False,CPU-only; no live vLLM request,frozen,sketch,reuse_distance,64,False,4,512,6,10,20260716,067a9b97e93eed1e395fbab614fb768113f9dc11935ccdce737e844c3563c5da,512,128,128,structural agent-turn replay; Oracle-K is offline diagnosis only; no raw source text and no live latency.,Current,384,0.005208333333333333,0.3380452745703054,104974.0,6670.0,4.0,4.0,10688
20260716_agenttrace_frozen_sketch_reuse_distance_k128_rep6,agenttrace_admission_oracle_v4,trace_derived_simulation,86adc13cec5f5a186ade1082f0fb1da4944533a4,pagarsky/agent-trace: nl2bash_1_7B_20260403T211347Z,https://huggingface.co/datasets/pagarsky/agent-trace,Apache-2.0,250313ae096b0bb8c1986b6f571b68f4ff7617a12026db20214ad84188d12ae5,False,CPU-only; no live vLLM request,frozen,sketch,reuse_distance,128,False,4,512,6,10,20260716,067a9b97e93eed1e395fbab614fb768113f9dc11935ccdce737e844c3563c5da,512,128,128,structural agent-turn replay; Oracle-K is offline diagnosis only; no raw source text and no live latency.,Current,384,0.005208333333333333,0.3380452745703054,104974.0,6670.0,4.0,4.0,10688
20260716_agenttrace_frozen_sketch_oracle_future_value_k2_rep6,agenttrace_admission_oracle_v4,trace_derived_simulation,86adc13cec5f5a186ade1082f0fb1da4944533a4,pagarsky/agent-trace: nl2bash_1_7B_20260403T211347Z,https://huggingface.co/datasets/pagarsky/agent-trace,Apache-2.0,250313ae096b0bb8c1986b6f571b68f4ff7617a12026db20214ad84188d12ae5,False,CPU-only; no live vLLM request,frozen,sketch,oracle_future_value,2,True,4,512,6,10,20260716,067a9b97e93eed1e395fbab614fb768113f9dc11935ccdce737e844c3563c5da,512,128,128,structural agent-turn replay; Oracle-K is offline diagnosis only; no raw source text and no live latency.,UpperBoundOnly,384,0.005208333333333333,0.337749802310917,104600.0,6296.0,0.0,0.0,896
20260716_agenttrace_frozen_sketch_oracle_future_value_k4_rep6,agenttrace_admission_oracle_v4,trace_derived_simulation,86adc13cec5f5a186ade1082f0fb1da4944533a4,pagarsky/agent-trace: nl2bash_1_7B_20260403T211347Z,https://huggingface.co/datasets/pagarsky/agent-trace,Apache-2.0,250313ae096b0bb8c1986b6f571b68f4ff7617a12026db20214ad84188d12ae5,False,CPU-only; no live vLLM request,frozen,sketch,oracle_future_value,4,True,4,512,6,10,20260716,067a9b97e93eed1e395fbab614fb768113f9dc11935ccdce737e844c3563c5da,512,128,128,structural agent-turn replay; Oracle-K is offline diagnosis only; no raw source text and no live latency.,UpperBoundOnly,384,0.005208333333333333,0.33738915016997517,104415.0,6111.0,0.0,0.0,1408
20260716_agenttrace_frozen_sketch_oracle_future_value_k8_rep6,agenttrace_admission_oracle_v4,trace_derived_simulation,86adc13cec5f5a186ade1082f0fb1da4944533a4,pagarsky/agent-trace: nl2bash_1_7B_20260403T211347Z,https://huggingface.co/datasets/pagarsky/agent-trace,Apache-2.0,250313ae096b0bb8c1986b6f571b68f4ff7617a12026db20214ad84188d12ae5,False,CPU-only; no live vLLM request,frozen,sketch,oracle_future_value,8,True,4,512,6,10,20260716,067a9b97e93eed1e395fbab614fb768113f9dc11935ccdce737e844c3563c5da,512,128,128,structural agent-turn replay; Oracle-K is offline diagnosis only; no raw source text and no live latency.,UpperBoundOnly,384,0.005208333333333333,0.3385123049455244,105291.0,6987.0,1.0,1.0,2432
20260716_agenttrace_frozen_sketch_oracle_future_value_k16_rep6,agenttrace_admission_oracle_v4,trace_derived_simulation,86adc13cec5f5a186ade1082f0fb1da4944533a4,pagarsky/agent-trace: nl2bash_1_7B_20260403T211347Z,https://huggingface.co/datasets/pagarsky/agent-trace,Apache-2.0,250313ae096b0bb8c1986b6f571b68f4ff7617a12026db20214ad84188d12ae5,False,CPU-only; no live vLLM request,frozen,sketch,oracle_future_value,16,True,4,512,6,10,20260716,067a9b97e93eed1e395fbab614fb768113f9dc11935ccdce737e844c3563c5da,512,128,128,structural agent-turn replay; Oracle-K is offline diagnosis only; no raw source text and no live latency.,UpperBoundOnly,384,0.005208333333333333,0.33831310594972674,104970.0,6666.0,1.0,1.0,4480
20260716_agenttrace_frozen_sketch_oracle_future_value_k32_rep6,agenttrace_admission_oracle_v4,trace_derived_simulation,86adc13cec5f5a186ade1082f0fb1da4944533a4,pagarsky/agent-trace: nl2bash_1_7B_20260403T211347Z,https://huggingface.co/datasets/pagarsky/agent-trace,Apache-2.0,250313ae096b0bb8c1986b6f571b68f4ff7617a12026db20214ad84188d12ae5,False,CPU-only; no live vLLM request,frozen,sketch,oracle_future_value,32,True,4,512,6,10,20260716,067a9b97e93eed1e395fbab614fb768113f9dc11935ccdce737e844c3563c5da,512,128,128,structural agent-turn replay; Oracle-K is offline diagnosis only; no raw source text and no live latency.,UpperBoundOnly,384,0.005208333333333333,0.3380316542827528,104782.0,6478.0,2.0,2.0,8576
20260716_agenttrace_frozen_sketch_oracle_future_value_k64_rep6,agenttrace_admission_oracle_v4,trace_derived_simulation,86adc13cec5f5a186ade1082f0fb1da4944533a4,pagarsky/agent-trace: nl2bash_1_7B_20260403T211347Z,https://huggingface.co/datasets/pagarsky/agent-trace,Apache-2.0,250313ae096b0bb8c1986b6f571b68f4ff7617a12026db20214ad84188d12ae5,False,CPU-only; no live vLLM request,frozen,sketch,oracle_future_value,64,True,4,512,6,10,20260716,067a9b97e93eed1e395fbab614fb768113f9dc11935ccdce737e844c3563c5da,512,128,128,structural agent-turn replay; Oracle-K is offline diagnosis only; no raw source text and no live latency.,UpperBoundOnly,384,0.005208333333333333,0.3380452745703054,104974.0,6670.0,4.0,4.0,10688
20260716_agenttrace_frozen_sketch_oracle_future_value_k128_rep6,agenttrace_admission_oracle_v4,trace_derived_simulation,86adc13cec5f5a186ade1082f0fb1da4944533a4,pagarsky/agent-trace: nl2bash_1_7B_20260403T211347Z,https://huggingface.co/datasets/pagarsky/agent-trace,Apache-2.0,250313ae096b0bb8c1986b6f571b68f4ff7617a12026db20214ad84188d12ae5,False,CPU-only; no live vLLM request,frozen,sketch,oracle_future_value,128,True,4,512,6,10,20260716,067a9b97e93eed1e395fbab614fb768113f9dc11935ccdce737e844c3563c5da,512,128,128,structural agent-turn replay; Oracle-K is offline diagnosis only; no raw source text and no live latency.,UpperBoundOnly,384,0.005208333333333333,0.3380452745703054,104974.0,6670.0,4.0,4.0,10688
20260716_agenttrace_closed_loop_load_only_kinf_rep6,agenttrace_admission_oracle_v4,trace_derived_simulation,86adc13cec5f5a186ade1082f0fb1da4944533a4,pagarsky/agent-trace: nl2bash_1_7B_20260403T211347Z,https://huggingface.co/datasets/pagarsky/agent-trace,Apache-2.0,250313ae096b0bb8c1986b6f571b68f4ff7617a12026db20214ad84188d12ae5,False,CPU-only; no live vLLM request,closed_loop,load_only,none,inf,False,4,512,6,10,20260716,067a9b97e93eed1e395fbab614fb768113f9dc11935ccdce737e844c3563c5da,512,128,128,structural agent-turn replay; Oracle-K is offline diagnosis only; no raw source text and no live latency.,Current,384,0.0,0.3514287478905525,122565.0,24261.0,0.0,0.0,384
20260716_agenttrace_closed_loop_exact_kinf_rep6,agenttrace_admission_oracle_v4,trace_derived_simulation,86adc13cec5f5a186ade1082f0fb1da4944533a4,pagarsky/agent-trace: nl2bash_1_7B_20260403T211347Z,https://huggingface.co/datasets/pagarsky/agent-trace,Apache-2.0,250313ae096b0bb8c1986b6f571b68f4ff7617a12026db20214ad84188d12ae5,False,CPU-only; no live vLLM request,closed_loop,exact,exact,inf,False,4,512,6,10,20260716,067a9b97e93eed1e395fbab614fb768113f9dc11935ccdce737e844c3563c5da,512,128,128,structural agent-turn replay; Oracle-K is offline diagnosis only; no raw source text and no live latency.,Current,384,0.13802083333333334,0.4151234527830186,213882.0,115578.0,3.0,3.0,16896
20260716_agenttrace_closed_loop_sketch_lru_k2_rep6,agenttrace_admission_oracle_v4,trace_derived_simulation,86adc13cec5f5a186ade1082f0fb1da4944533a4,pagarsky/agent-trace: nl2bash_1_7B_20260403T211347Z,https://huggingface.co/datasets/pagarsky/agent-trace,Apache-2.0,250313ae096b0bb8c1986b6f571b68f4ff7617a12026db20214ad84188d12ae5,False,CPU-only; no live vLLM request,closed_loop,sketch,lru,2,False,4,512,6,10,20260716,067a9b97e93eed1e395fbab614fb768113f9dc11935ccdce737e844c3563c5da,512,128,128,structural agent-turn replay; Oracle-K is offline diagnosis only; no raw source text and no live latency.,Current,384,0.0026041666666666665,0.3777335152483955,158667.0,60363.0,3.0,3.0,768
20260716_agenttrace_closed_loop_sketch_lru_k4_rep6,agenttrace_admission_oracle_v4,trace_derived_simulation,86adc13cec5f5a186ade1082f0fb1da4944533a4,pagarsky/agent-trace: nl2bash_1_7B_20260403T211347Z,https://huggingface.co/datasets/pagarsky/agent-trace,Apache-2.0,250313ae096b0bb8c1986b6f571b68f4ff7617a12026db20214ad84188d12ae5,False,CPU-only; no live vLLM request,closed_loop,sketch,lru,4,False,4,512,6,10,20260716,067a9b97e93eed1e395fbab614fb768113f9dc11935ccdce737e844c3563c5da,512,128,128,structural agent-turn replay; Oracle-K is offline diagnosis only; no raw source text and no live latency.,Current,384,0.005208333333333333,0.37989581281512724,162068.0,63764.0,3.0,3.0,1024
20260716_agenttrace_closed_loop_sketch_lru_k8_rep6,agenttrace_admission_oracle_v4,trace_derived_simulation,86adc13cec5f5a186ade1082f0fb1da4944533a4,pagarsky/agent-trace: nl2bash_1_7B_20260403T211347Z,https://huggingface.co/datasets/pagarsky/agent-trace,Apache-2.0,250313ae096b0bb8c1986b6f571b68f4ff7617a12026db20214ad84188d12ae5,False,CPU-only; no live vLLM request,closed_loop,sketch,lru,8,False,4,512,6,10,20260716,067a9b97e93eed1e395fbab614fb768113f9dc11935ccdce737e844c3563c5da,512,128,128,structural agent-turn replay; Oracle-K is offline diagnosis only; no raw source text and no live latency.,Current,384,0.0078125,0.3808274039016625,162858.0,64554.0,3.0,3.0,1536
20260716_agenttrace_closed_loop_sketch_lru_k16_rep6,agenttrace_admission_oracle_v4,trace_derived_simulation,86adc13cec5f5a186ade1082f0fb1da4944533a4,pagarsky/agent-trace: nl2bash_1_7B_20260403T211347Z,https://huggingface.co/datasets/pagarsky/agent-trace,Apache-2.0,250313ae096b0bb8c1986b6f571b68f4ff7617a12026db20214ad84188d12ae5,False,CPU-only; no live vLLM request,closed_loop,sketch,lru,16,False,4,512,6,10,20260716,067a9b97e93eed1e395fbab614fb768113f9dc11935ccdce737e844c3563c5da,512,128,128,structural agent-turn replay; Oracle-K is offline diagnosis only; no raw source text and no live latency.,Current,384,0.015625,0.3794248293999516,160585.0,62281.0,3.0,3.0,2560
20260716_agenttrace_closed_loop_sketch_lru_k32_rep6,agenttrace_admission_oracle_v4,trace_derived_simulation,86adc13cec5f5a186ade1082f0fb1da4944533a4,pagarsky/agent-trace: nl2bash_1_7B_20260403T211347Z,https://huggingface.co/datasets/pagarsky/agent-trace,Apache-2.0,250313ae096b0bb8c1986b6f571b68f4ff7617a12026db20214ad84188d12ae5,False,CPU-only; no live vLLM request,closed_loop,sketch,lru,32,False,4,512,6,10,20260716,067a9b97e93eed1e395fbab614fb768113f9dc11935ccdce737e844c3563c5da,512,128,128,structural agent-turn replay; Oracle-K is offline diagnosis only; no raw source text and no live latency.,Current,384,0.036458333333333336,0.38708351101394073,172505.0,74201.0,3.0,3.0,4608
20260716_agenttrace_closed_loop_sketch_lru_k64_rep6,agenttrace_admission_oracle_v4,trace_derived_simulation,86adc13cec5f5a186ade1082f0fb1da4944533a4,pagarsky/agent-trace: nl2bash_1_7B_20260403T211347Z,https://huggingface.co/datasets/pagarsky/agent-trace,Apache-2.0,250313ae096b0bb8c1986b6f571b68f4ff7617a12026db20214ad84188d12ae5,False,CPU-only; no live vLLM request,closed_loop,sketch,lru,64,False,4,512,6,10,20260716,067a9b97e93eed1e395fbab614fb768113f9dc11935ccdce737e844c3563c5da,512,128,128,structural agent-turn replay; Oracle-K is offline diagnosis only; no raw source text and no live latency.,Current,384,0.08072916666666667,0.40512883393794147,199119.0,100815.0,3.0,3.0,8704
20260716_agenttrace_closed_loop_sketch_lru_k128_rep6,agenttrace_admission_oracle_v4,trace_derived_simulation,86adc13cec5f5a186ade1082f0fb1da4944533a4,pagarsky/agent-trace: nl2bash_1_7B_20260403T211347Z,https://huggingface.co/datasets/pagarsky/agent-trace,Apache-2.0,250313ae096b0bb8c1986b6f571b68f4ff7617a12026db20214ad84188d12ae5,False,CPU-only; no live vLLM request,closed_loop,sketch,lru,128,False,4,512,6,10,20260716,067a9b97e93eed1e395fbab614fb768113f9dc11935ccdce737e844c3563c5da,512,128,128,structural agent-turn replay; Oracle-K is offline diagnosis only; no raw source text and no live latency.,Current,384,0.13802083333333334,0.4151234527830186,213882.0,115578.0,3.0,3.0,16896
20260716_agenttrace_closed_loop_sketch_lfu_k2_rep6,agenttrace_admission_oracle_v4,trace_derived_simulation,86adc13cec5f5a186ade1082f0fb1da4944533a4,pagarsky/agent-trace: nl2bash_1_7B_20260403T211347Z,https://huggingface.co/datasets/pagarsky/agent-trace,Apache-2.0,250313ae096b0bb8c1986b6f571b68f4ff7617a12026db20214ad84188d12ae5,False,CPU-only; no live vLLM request,closed_loop,sketch,lfu,2,False,4,512,6,10,20260716,067a9b97e93eed1e395fbab614fb768113f9dc11935ccdce737e844c3563c5da,512,128,128,structural agent-turn replay; Oracle-K is offline diagnosis only; no raw source text and no live latency.,Current,384,0.0,0.3777335152483955,158667.0,60363.0,3.0,3.0,768
20260716_agenttrace_closed_loop_sketch_lfu_k4_rep6,agenttrace_admission_oracle_v4,trace_derived_simulation,86adc13cec5f5a186ade1082f0fb1da4944533a4,pagarsky/agent-trace: nl2bash_1_7B_20260403T211347Z,https://huggingface.co/datasets/pagarsky/agent-trace,Apache-2.0,250313ae096b0bb8c1986b6f571b68f4ff7617a12026db20214ad84188d12ae5,False,CPU-only; no live vLLM request,closed_loop,sketch,lfu,4,False,4,512,6,10,20260716,067a9b97e93eed1e395fbab614fb768113f9dc11935ccdce737e844c3563c5da,512,128,128,structural agent-turn replay; Oracle-K is offline diagnosis only; no raw source text and no live latency.,Current,384,0.0,0.3777335152483955,158667.0,60363.0,3.0,3.0,1024
20260716_agenttrace_closed_loop_sketch_lfu_k8_rep6,agenttrace_admission_oracle_v4,trace_derived_simulation,86adc13cec5f5a186ade1082f0fb1da4944533a4,pagarsky/agent-trace: nl2bash_1_7B_20260403T211347Z,https://huggingface.co/datasets/pagarsky/agent-trace,Apache-2.0,250313ae096b0bb8c1986b6f571b68f4ff7617a12026db20214ad84188d12ae5,False,CPU-only; no live vLLM request,closed_loop,sketch,lfu,8,False,4,512,6,10,20260716,067a9b97e93eed1e395fbab614fb768113f9dc11935ccdce737e844c3563c5da,512,128,128,structural agent-turn replay; Oracle-K is offline diagnosis only; no raw source text and no live latency.,Current,384,0.0,0.3777335152483955,158667.0,60363.0,3.0,3.0,1536
20260716_agenttrace_closed_loop_sketch_lfu_k16_rep6,agenttrace_admission_oracle_v4,trace_derived_simulation,86adc13cec5f5a186ade1082f0fb1da4944533a4,pagarsky/agent-trace: nl2bash_1_7B_20260403T211347Z,https://huggingface.co/datasets/pagarsky/agent-trace,Apache-2.0,250313ae096b0bb8c1986b6f571b68f4ff7617a12026db20214ad84188d12ae5,False,CPU-only; no live vLLM request,closed_loop,sketch,lfu,16,False,4,512,6,10,20260716,067a9b97e93eed1e395fbab614fb768113f9dc11935ccdce737e844c3563c5da,512,128,128,structural agent-turn replay; Oracle-K is offline diagnosis only; no raw source text and no live latency.,Current,384,0.0026041666666666665,0.37596031234112326,155831.0,57527.0,3.0,3.0,2560
20260716_agenttrace_closed_loop_sketch_lfu_k32_rep6,agenttrace_admission_oracle_v4,trace_derived_simulation,86adc13cec5f5a186ade1082f0fb1da4944533a4,pagarsky/agent-trace: nl2bash_1_7B_20260403T211347Z,https://huggingface.co/datasets/pagarsky/agent-trace,Apache-2.0,250313ae096b0bb8c1986b6f571b68f4ff7617a12026db20214ad84188d12ae5,False,CPU-only; no live vLLM request,closed_loop,sketch,lfu,32,False,4,512,6,10,20260716,067a9b97e93eed1e395fbab614fb768113f9dc11935ccdce737e844c3563c5da,512,128,128,structural agent-turn replay; Oracle-K is offline diagnosis only; no raw source text and no live latency.,Current,384,0.013020833333333334,0.37678418347930354,157194.0,58890.0,3.0,3.0,4608
20260716_agenttrace_closed_loop_sketch_lfu_k64_rep6,agenttrace_admission_oracle_v4,trace_derived_simulation,86adc13cec5f5a186ade1082f0fb1da4944533a4,pagarsky/agent-trace: nl2bash_1_7B_20260403T211347Z,https://huggingface.co/datasets/pagarsky/agent-trace,Apache-2.0,250313ae096b0bb8c1986b6f571b68f4ff7617a12026db20214ad84188d12ae5,False,CPU-only; no live vLLM request,closed_loop,sketch,lfu,64,False,4,512,6,10,20260716,067a9b97e93eed1e395fbab614fb768113f9dc11935ccdce737e844c3563c5da,512,128,128,structural agent-turn replay; Oracle-K is offline diagnosis only; no raw source text and no live latency.,Current,384,0.0546875,0.38341419405194543,166768.0,68464.0,3.0,3.0,8704
20260716_agenttrace_closed_loop_sketch_lfu_k128_rep6,agenttrace_admission_oracle_v4,trace_derived_simulation,86adc13cec5f5a186ade1082f0fb1da4944533a4,pagarsky/agent-trace: nl2bash_1_7B_20260403T211347Z,https://huggingface.co/datasets/pagarsky/agent-trace,Apache-2.0,250313ae096b0bb8c1986b6f571b68f4ff7617a12026db20214ad84188d12ae5,False,CPU-only; no live vLLM request,closed_loop,sketch,lfu,128,False,4,512,6,10,20260716,067a9b97e93eed1e395fbab614fb768113f9dc11935ccdce737e844c3563c5da,512,128,128,structural agent-turn replay; Oracle-K is offline diagnosis only; no raw source text and no live latency.,Current,384,0.13802083333333334,0.4151234527830186,213882.0,115578.0,3.0,3.0,16896
20260716_agenttrace_closed_loop_sketch_coverage_first_k2_rep6,agenttrace_admission_oracle_v4,trace_derived_simulation,86adc13cec5f5a186ade1082f0fb1da4944533a4,pagarsky/agent-trace: nl2bash_1_7B_20260403T211347Z,https://huggingface.co/datasets/pagarsky/agent-trace,Apache-2.0,250313ae096b0bb8c1986b6f571b68f4ff7617a12026db20214ad84188d12ae5,False,CPU-only; no live vLLM request,closed_loop,sketch,coverage_first,2,False,4,512,6,10,20260716,067a9b97e93eed1e395fbab614fb768113f9dc11935ccdce737e844c3563c5da,512,128,128,structural agent-turn replay; Oracle-K is offline diagnosis only; no raw source text and no live latency.,Current,384,0.0078125,0.3777335152483955,158667.0,60363.0,1.0,1.0,768
20260716_agenttrace_closed_loop_sketch_coverage_first_k4_rep6,agenttrace_admission_oracle_v4,trace_derived_simulation,86adc13cec5f5a186ade1082f0fb1da4944533a4,pagarsky/agent-trace: nl2bash_1_7B_20260403T211347Z,https://huggingface.co/datasets/pagarsky/agent-trace,Apache-2.0,250313ae096b0bb8c1986b6f571b68f4ff7617a12026db20214ad84188d12ae5,False,CPU-only; no live vLLM request,closed_loop,sketch,coverage_first,4,False,4,512,6,10,20260716,067a9b97e93eed1e395fbab614fb768113f9dc11935ccdce737e844c3563c5da,512,128,128,structural agent-turn replay; Oracle-K is offline diagnosis only; no raw source text and no live latency.,Current,384,0.015625,0.3852674299535417,170490.0,72186.0,1.0,1.0,1024
20260716_agenttrace_closed_loop_sketch_coverage_first_k8_rep6,agenttrace_admission_oracle_v4,trace_derived_simulation,86adc13cec5f5a186ade1082f0fb1da4944533a4,pagarsky/agent-trace: nl2bash_1_7B_20260403T211347Z,https://huggingface.co/datasets/pagarsky/agent-trace,Apache-2.0,250313ae096b0bb8c1986b6f571b68f4ff7617a12026db20214ad84188d12ae5,False,CPU-only; no live vLLM request,closed_loop,sketch,coverage_first,8,False,4,512,6,10,20260716,067a9b97e93eed1e395fbab614fb768113f9dc11935ccdce737e844c3563c5da,512,128,128,structural agent-turn replay; Oracle-K is offline diagnosis only; no raw source text and no live latency.,Current,384,0.052083333333333336,0.3939570156155484,183052.0,84748.0,2.0,2.0,1536
20260716_agenttrace_closed_loop_sketch_coverage_first_k16_rep6,agenttrace_admission_oracle_v4,trace_derived_simulation,86adc13cec5f5a186ade1082f0fb1da4944533a4,pagarsky/agent-trace: nl2bash_1_7B_20260403T211347Z,https://huggingface.co/datasets/pagarsky/agent-trace,Apache-2.0,250313ae096b0bb8c1986b6f571b68f4ff7617a12026db20214ad84188d12ae5,False,CPU-only; no live vLLM request,closed_loop,sketch,coverage_first,16,False,4,512,6,10,20260716,067a9b97e93eed1e395fbab614fb768113f9dc11935ccdce737e844c3563c5da,512,128,128,structural agent-turn replay; Oracle-K is offline diagnosis only; no raw source text and no live latency.,Current,384,0.0859375,0.40048477485953876,193161.0,94857.0,2.0,2.0,2560
20260716_agenttrace_closed_loop_sketch_coverage_first_k32_rep6,agenttrace_admission_oracle_v4,trace_derived_simulation,86adc13cec5f5a186ade1082f0fb1da4944533a4,pagarsky/agent-trace: nl2bash_1_7B_20260403T211347Z,https://huggingface.co/datasets/pagarsky/agent-trace,Apache-2.0,250313ae096b0bb8c1986b6f571b68f4ff7617a12026db20214ad84188d12ae5,False,CPU-only; no live vLLM request,closed_loop,sketch,coverage_first,32,False,4,512,6,10,20260716,067a9b97e93eed1e395fbab614fb768113f9dc11935ccdce737e844c3563c5da,512,128,128,structural agent-turn replay; Oracle-K is offline diagnosis only; no raw source text and no live latency.,Current,384,0.12760416666666666,0.4132144447814935,211992.0,113688.0,2.0,2.0,4608
20260716_agenttrace_closed_loop_sketch_coverage_first_k64_rep6,agenttrace_admission_oracle_v4,trace_derived_simulation,86adc13cec5f5a186ade1082f0fb1da4944533a4,pagarsky/agent-trace: nl2bash_1_7B_20260403T211347Z,https://huggingface.co/datasets/pagarsky/agent-trace,Apache-2.0,250313ae096b0bb8c1986b6f571b68f4ff7617a12026db20214ad84188d12ae5,False,CPU-only; no live vLLM request,closed_loop,sketch,coverage_first,64,False,4,512,6,10,20260716,067a9b97e93eed1e395fbab614fb768113f9dc11935ccdce737e844c3563c5da,512,128,128,structural agent-turn replay; Oracle-K is offline diagnosis only; no raw source text and no live latency.,Current,384,0.13802083333333334,0.4151234527830186,213882.0,115578.0,2.0,2.0,8704
20260716_agenttrace_closed_loop_sketch_coverage_first_k128_rep6,agenttrace_admission_oracle_v4,trace_derived_simulation,86adc13cec5f5a186ade1082f0fb1da4944533a4,pagarsky/agent-trace: nl2bash_1_7B_20260403T211347Z,https://huggingface.co/datasets/pagarsky/agent-trace,Apache-2.0,250313ae096b0bb8c1986b6f571b68f4ff7617a12026db20214ad84188d12ae5,False,CPU-only; no live vLLM request,closed_loop,sketch,coverage_first,128,False,4,512,6,10,20260716,067a9b97e93eed1e395fbab614fb768113f9dc11935ccdce737e844c3563c5da,512,128,128,structural agent-turn replay; Oracle-K is offline diagnosis only; no raw source text and no live latency.,Current,384,0.13802083333333334,0.4151234527830186,213882.0,115578.0,3.0,3.0,16896
20260716_agenttrace_closed_loop_sketch_saved_prefill_first_k2_rep6,agenttrace_admission_oracle_v4,trace_derived_simulation,86adc13cec5f5a186ade1082f0fb1da4944533a4,pagarsky/agent-trace: nl2bash_1_7B_20260403T211347Z,https://huggingface.co/datasets/pagarsky/agent-trace,Apache-2.0,250313ae096b0bb8c1986b6f571b68f4ff7617a12026db20214ad84188d12ae5,False,CPU-only; no live vLLM request,closed_loop,sketch,saved_prefill_first,2,False,4,512,6,10,20260716,067a9b97e93eed1e395fbab614fb768113f9dc11935ccdce737e844c3563c5da,512,128,128,structural agent-turn replay; Oracle-K is offline diagnosis only; no raw source text and no live latency.,Current,384,0.0026041666666666665,0.3790457711077705,160731.0,62427.0,3.0,3.0,768
20260716_agenttrace_closed_loop_sketch_saved_prefill_first_k4_rep6,agenttrace_admission_oracle_v4,trace_derived_simulation,86adc13cec5f5a186ade1082f0fb1da4944533a4,pagarsky/agent-trace: nl2bash_1_7B_20260403T211347Z,https://huggingface.co/datasets/pagarsky/agent-trace,Apache-2.0,250313ae096b0bb8c1986b6f571b68f4ff7617a12026db20214ad84188d12ae5,False,CPU-only; no live vLLM request,closed_loop,sketch,saved_prefill_first,4,False,4,512,6,10,20260716,067a9b97e93eed1e395fbab614fb768113f9dc11935ccdce737e844c3563c5da,512,128,128,structural agent-turn replay; Oracle-K is offline diagnosis only; no raw source text and no live latency.,Current,384,0.010416666666666666,0.38102564005899925,163719.0,65415.0,3.0,3.0,1024
20260716_agenttrace_closed_loop_sketch_saved_prefill_first_k8_rep6,agenttrace_admission_oracle_v4,trace_derived_simulation,86adc13cec5f5a186ade1082f0fb1da4944533a4,pagarsky/agent-trace: nl2bash_1_7B_20260403T211347Z,https://huggingface.co/datasets/pagarsky/agent-trace,Apache-2.0,250313ae096b0bb8c1986b6f571b68f4ff7617a12026db20214ad84188d12ae5,False,CPU-only; no live vLLM request,closed_loop,sketch,saved_prefill_first,8,False,4,512,6,10,20260716,067a9b97e93eed1e395fbab614fb768113f9dc11935ccdce737e844c3563c5da,512,128,128,structural agent-turn replay; Oracle-K is offline diagnosis only; no raw source text and no live latency.,Current,384,0.018229166666666668,0.38589510111856956,171378.0,73074.0,3.0,3.0,1536
20260716_agenttrace_closed_loop_sketch_saved_prefill_first_k16_rep6,agenttrace_admission_oracle_v4,trace_derived_simulation,86adc13cec5f5a186ade1082f0fb1da4944533a4,pagarsky/agent-trace: nl2bash_1_7B_20260403T211347Z,https://huggingface.co/datasets/pagarsky/agent-trace,Apache-2.0,250313ae096b0bb8c1986b6f571b68f4ff7617a12026db20214ad84188d12ae5,False,CPU-only; no live vLLM request,closed_loop,sketch,saved_prefill_first,16,False,4,512,6,10,20260716,067a9b97e93eed1e395fbab614fb768113f9dc11935ccdce737e844c3563c5da,512,128,128,structural agent-turn replay; Oracle-K is offline diagnosis only; no raw source text and no live latency.,Current,384,0.026041666666666668,0.38409090678868185,168510.0,70206.0,3.0,3.0,2560
20260716_agenttrace_closed_loop_sketch_saved_prefill_first_k32_rep6,agenttrace_admission_oracle_v4,trace_derived_simulation,86adc13cec5f5a186ade1082f0fb1da4944533a4,pagarsky/agent-trace: nl2bash_1_7B_20260403T211347Z,https://huggingface.co/datasets/pagarsky/agent-trace,Apache-2.0,250313ae096b0bb8c1986b6f571b68f4ff7617a12026db20214ad84188d12ae5,False,CPU-only; no live vLLM request,closed_loop,sketch,saved_prefill_first,32,False,4,512,6,10,20260716,067a9b97e93eed1e395fbab614fb768113f9dc11935ccdce737e844c3563c5da,512,128,128,structural agent-turn replay; Oracle-K is offline diagnosis only; no raw source text and no live latency.,Current,384,0.028645833333333332,0.3851955468090419,169406.0,71102.0,3.0,3.0,4608
20260716_agenttrace_closed_loop_sketch_saved_prefill_first_k64_rep6,agenttrace_admission_oracle_v4,trace_derived_simulation,86adc13cec5f5a186ade1082f0fb1da4944533a4,pagarsky/agent-trace: nl2bash_1_7B_20260403T211347Z,https://huggingface.co/datasets/pagarsky/agent-trace,Apache-2.0,250313ae096b0bb8c1986b6f571b68f4ff7617a12026db20214ad84188d12ae5,False,CPU-only; no live vLLM request,closed_loop,sketch,saved_prefill_first,64,False,4,512,6,10,20260716,067a9b97e93eed1e395fbab614fb768113f9dc11935ccdce737e844c3563c5da,512,128,128,structural agent-turn replay; Oracle-K is offline diagnosis only; no raw source text and no live latency.,Current,384,0.09635416666666667,0.4003991995158264,192579.0,94275.0,3.0,3.0,8704
20260716_agenttrace_closed_loop_sketch_saved_prefill_first_k128_rep6,agenttrace_admission_oracle_v4,trace_derived_simulation,86adc13cec5f5a186ade1082f0fb1da4944533a4,pagarsky/agent-trace: nl2bash_1_7B_20260403T211347Z,https://huggingface.co/datasets/pagarsky/agent-trace,Apache-2.0,250313ae096b0bb8c1986b6f571b68f4ff7617a12026db20214ad84188d12ae5,False,CPU-only; no live vLLM request,closed_loop,sketch,saved_prefill_first,128,False,4,512,6,10,20260716,067a9b97e93eed1e395fbab614fb768113f9dc11935ccdce737e844c3563c5da,512,128,128,structural agent-turn replay; Oracle-K is offline diagnosis only; no raw source text and no live latency.,Current,384,0.13802083333333334,0.4151234527830186,213882.0,115578.0,3.0,3.0,16896
20260716_agenttrace_closed_loop_sketch_reuse_distance_k2_rep6,agenttrace_admission_oracle_v4,trace_derived_simulation,86adc13cec5f5a186ade1082f0fb1da4944533a4,pagarsky/agent-trace: nl2bash_1_7B_20260403T211347Z,https://huggingface.co/datasets/pagarsky/agent-trace,Apache-2.0,250313ae096b0bb8c1986b6f571b68f4ff7617a12026db20214ad84188d12ae5,False,CPU-only; no live vLLM request,closed_loop,sketch,reuse_distance,2,False,4,512,6,10,20260716,067a9b97e93eed1e395fbab614fb768113f9dc11935ccdce737e844c3563c5da,512,128,128,structural agent-turn replay; Oracle-K is offline diagnosis only; no raw source text and no live latency.,Current,384,0.0078125,0.37971338419962425,161655.0,63351.0,1.0,1.0,768
20260716_agenttrace_closed_loop_sketch_reuse_distance_k4_rep6,agenttrace_admission_oracle_v4,trace_derived_simulation,86adc13cec5f5a186ade1082f0fb1da4944533a4,pagarsky/agent-trace: nl2bash_1_7B_20260403T211347Z,https://huggingface.co/datasets/pagarsky/agent-trace,Apache-2.0,250313ae096b0bb8c1986b6f571b68f4ff7617a12026db20214ad84188d12ae5,False,CPU-only; no live vLLM request,closed_loop,sketch,reuse_distance,4,False,4,512,6,10,20260716,067a9b97e93eed1e395fbab614fb768113f9dc11935ccdce737e844c3563c5da,512,128,128,structural agent-turn replay; Oracle-K is offline diagnosis only; no raw source text and no live latency.,Current,384,0.018229166666666668,0.38589510111856956,171378.0,73074.0,1.0,1.0,1024
20260716_agenttrace_closed_loop_sketch_reuse_distance_k8_rep6,agenttrace_admission_oracle_v4,trace_derived_simulation,86adc13cec5f5a186ade1082f0fb1da4944533a4,pagarsky/agent-trace: nl2bash_1_7B_20260403T211347Z,https://huggingface.co/datasets/pagarsky/agent-trace,Apache-2.0,250313ae096b0bb8c1986b6f571b68f4ff7617a12026db20214ad84188d12ae5,False,CPU-only; no live vLLM request,closed_loop,sketch,reuse_distance,8,False,4,512,6,10,20260716,067a9b97e93eed1e395fbab614fb768113f9dc11935ccdce737e844c3563c5da,512,128,128,structural agent-turn replay; Oracle-K is offline diagnosis only; no raw source text and no live latency.,Current,384,0.020833333333333332,0.3853248038773586,170481.0,72177.0,1.0,1.0,1536
20260716_agenttrace_closed_loop_sketch_reuse_distance_k16_rep6,agenttrace_admission_oracle_v4,trace_derived_simulation,86adc13cec5f5a186ade1082f0fb1da4944533a4,pagarsky/agent-trace: nl2bash_1_7B_20260403T211347Z,https://huggingface.co/datasets/pagarsky/agent-trace,Apache-2.0,250313ae096b0bb8c1986b6f571b68f4ff7617a12026db20214ad84188d12ae5,False,CPU-only; no live vLLM request,closed_loop,sketch,reuse_distance,16,False,4,512,6,10,20260716,067a9b97e93eed1e395fbab614fb768113f9dc11935ccdce737e844c3563c5da,512,128,128,structural agent-turn replay; Oracle-K is offline diagnosis only; no raw source text and no live latency.,Current,384,0.026041666666666668,0.38409090678868185,168510.0,70206.0,3.0,3.0,2560
20260716_agenttrace_closed_loop_sketch_reuse_distance_k32_rep6,agenttrace_admission_oracle_v4,trace_derived_simulation,86adc13cec5f5a186ade1082f0fb1da4944533a4,pagarsky/agent-trace: nl2bash_1_7B_20260403T211347Z,https://huggingface.co/datasets/pagarsky/agent-trace,Apache-2.0,250313ae096b0bb8c1986b6f571b68f4ff7617a12026db20214ad84188d12ae5,False,CPU-only; no live vLLM request,closed_loop,sketch,reuse_distance,32,False,4,512,6,10,20260716,067a9b97e93eed1e395fbab614fb768113f9dc11935ccdce737e844c3563c5da,512,128,128,structural agent-turn replay; Oracle-K is offline diagnosis only; no raw source text and no live latency.,Current,384,0.028645833333333332,0.3851955468090419,169406.0,71102.0,3.0,3.0,4608
20260716_agenttrace_closed_loop_sketch_reuse_distance_k64_rep6,agenttrace_admission_oracle_v4,trace_derived_simulation,86adc13cec5f5a186ade1082f0fb1da4944533a4,pagarsky/agent-trace: nl2bash_1_7B_20260403T211347Z,https://huggingface.co/datasets/pagarsky/agent-trace,Apache-2.0,250313ae096b0bb8c1986b6f571b68f4ff7617a12026db20214ad84188d12ae5,False,CPU-only; no live vLLM request,closed_loop,sketch,reuse_distance,64,False,4,512,6,10,20260716,067a9b97e93eed1e395fbab614fb768113f9dc11935ccdce737e844c3563c5da,512,128,128,structural agent-turn replay; Oracle-K is offline diagnosis only; no raw source text and no live latency.,Current,384,0.09635416666666667,0.4003991995158264,192579.0,94275.0,3.0,3.0,8704
20260716_agenttrace_closed_loop_sketch_reuse_distance_k128_rep6,agenttrace_admission_oracle_v4,trace_derived_simulation,86adc13cec5f5a186ade1082f0fb1da4944533a4,pagarsky/agent-trace: nl2bash_1_7B_20260403T211347Z,https://huggingface.co/datasets/pagarsky/agent-trace,Apache-2.0,250313ae096b0bb8c1986b6f571b68f4ff7617a12026db20214ad84188d12ae5,False,CPU-only; no live vLLM request,closed_loop,sketch,reuse_distance,128,False,4,512,6,10,20260716,067a9b97e93eed1e395fbab614fb768113f9dc11935ccdce737e844c3563c5da,512,128,128,structural agent-turn replay; Oracle-K is offline diagnosis only; no raw source text and no live latency.,Current,384,0.13802083333333334,0.4151234527830186,213882.0,115578.0,3.0,3.0,16896
20260716_agenttrace_closed_loop_sketch_oracle_future_value_k2_rep6,agenttrace_admission_oracle_v4,trace_derived_simulation,86adc13cec5f5a186ade1082f0fb1da4944533a4,pagarsky/agent-trace: nl2bash_1_7B_20260403T211347Z,https://huggingface.co/datasets/pagarsky/agent-trace,Apache-2.0,250313ae096b0bb8c1986b6f571b68f4ff7617a12026db20214ad84188d12ae5,False,CPU-only; no live vLLM request,closed_loop,sketch,oracle_future_value,2,True,4,512,6,10,20260716,067a9b97e93eed1e395fbab614fb768113f9dc11935ccdce737e844c3563c5da,512,128,128,structural agent-turn replay; Oracle-K is offline diagnosis only; no raw source text and no live latency.,UpperBoundOnly,384,0.049479166666666664,0.38879194027858327,175764.0,77460.0,2.0,2.0,768
20260716_agenttrace_closed_loop_sketch_oracle_future_value_k4_rep6,agenttrace_admission_oracle_v4,trace_derived_simulation,86adc13cec5f5a186ade1082f0fb1da4944533a4,pagarsky/agent-trace: nl2bash_1_7B_20260403T211347Z,https://huggingface.co/datasets/pagarsky/agent-trace,Apache-2.0,250313ae096b0bb8c1986b6f571b68f4ff7617a12026db20214ad84188d12ae5,False,CPU-only; no live vLLM request,closed_loop,sketch,oracle_future_value,4,True,4,512,6,10,20260716,067a9b97e93eed1e395fbab614fb768113f9dc11935ccdce737e844c3563c5da,512,128,128,structural agent-turn replay; Oracle-K is offline diagnosis only; no raw source text and no live latency.,UpperBoundOnly,384,0.07552083333333333,0.39964831314486937,192722.0,94418.0,2.0,2.0,1024
20260716_agenttrace_closed_loop_sketch_oracle_future_value_k8_rep6,agenttrace_admission_oracle_v4,trace_derived_simulation,86adc13cec5f5a186ade1082f0fb1da4944533a4,pagarsky/agent-trace: nl2bash_1_7B_20260403T211347Z,https://huggingface.co/datasets/pagarsky/agent-trace,Apache-2.0,250313ae096b0bb8c1986b6f571b68f4ff7617a12026db20214ad84188d12ae5,False,CPU-only; no live vLLM request,closed_loop,sketch,oracle_future_value,8,True,4,512,6,10,20260716,067a9b97e93eed1e395fbab614fb768113f9dc11935ccdce737e844c3563c5da,512,128,128,structural agent-turn replay; Oracle-K is offline diagnosis only; no raw source text and no live latency.,UpperBoundOnly,384,0.11458333333333333,0.41172594421168857,209316.0,111012.0,2.0,2.0,1536
20260716_agenttrace_closed_loop_sketch_oracle_future_value_k16_rep6,agenttrace_admission_oracle_v4,trace_derived_simulation,86adc13cec5f5a186ade1082f0fb1da4944533a4,pagarsky/agent-trace: nl2bash_1_7B_20260403T211347Z,https://huggingface.co/datasets/pagarsky/agent-trace,Apache-2.0,250313ae096b0bb8c1986b6f571b68f4ff7617a12026db20214ad84188d12ae5,False,CPU-only; no live vLLM request,closed_loop,sketch,oracle_future_value,16,True,4,512,6,10,20260716,067a9b97e93eed1e395fbab614fb768113f9dc11935ccdce737e844c3563c5da,512,128,128,structural agent-turn replay; Oracle-K is offline diagnosis only; no raw source text and no live latency.,UpperBoundOnly,384,0.13802083333333334,0.4151234527830186,213882.0,115578.0,2.0,2.0,2560
20260716_agenttrace_closed_loop_sketch_oracle_future_value_k32_rep6,agenttrace_admission_oracle_v4,trace_derived_simulation,86adc13cec5f5a186ade1082f0fb1da4944533a4,pagarsky/agent-trace: nl2bash_1_7B_20260403T211347Z,https://huggingface.co/datasets/pagarsky/agent-trace,Apache-2.0,250313ae096b0bb8c1986b6f571b68f4ff7617a12026db20214ad84188d12ae5,False,CPU-only; no live vLLM request,closed_loop,sketch,oracle_future_value,32,True,4,512,6,10,20260716,067a9b97e93eed1e395fbab614fb768113f9dc11935ccdce737e844c3563c5da,512,128,128,structural agent-turn replay; Oracle-K is offline diagnosis only; no raw source text and no live latency.,UpperBoundOnly,384,0.13802083333333334,0.4151234527830186,213882.0,115578.0,3.0,3.0,4608
20260716_agenttrace_closed_loop_sketch_oracle_future_value_k64_rep6,agenttrace_admission_oracle_v4,trace_derived_simulation,86adc13cec5f5a186ade1082f0fb1da4944533a4,pagarsky/agent-trace: nl2bash_1_7B_20260403T211347Z,https://huggingface.co/datasets/pagarsky/agent-trace,Apache-2.0,250313ae096b0bb8c1986b6f571b68f4ff7617a12026db20214ad84188d12ae5,False,CPU-only; no live vLLM request,closed_loop,sketch,oracle_future_value,64,True,4,512,6,10,20260716,067a9b97e93eed1e395fbab614fb768113f9dc11935ccdce737e844c3563c5da,512,128,128,structural agent-turn replay; Oracle-K is offline diagnosis only; no raw source text and no live latency.,UpperBoundOnly,384,0.13802083333333334,0.4151234527830186,213882.0,115578.0,3.0,3.0,8704
20260716_agenttrace_closed_loop_sketch_oracle_future_value_k128_rep6,agenttrace_admission_oracle_v4,trace_derived_simulation,86adc13cec5f5a186ade1082f0fb1da4944533a4,pagarsky/agent-trace: nl2bash_1_7B_20260403T211347Z,https://huggingface.co/datasets/pagarsky/agent-trace,Apache-2.0,250313ae096b0bb8c1986b6f571b68f4ff7617a12026db20214ad84188d12ae5,False,CPU-only; no live vLLM request,closed_loop,sketch,oracle_future_value,128,True,4,512,6,10,20260716,067a9b97e93eed1e395fbab614fb768113f9dc11935ccdce737e844c3563c5da,512,128,128,structural agent-turn replay; Oracle-K is offline diagnosis only; no raw source text and no live latency.,UpperBoundOnly,384,0.13802083333333334,0.4151234527830186,213882.0,115578.0,3.0,3.0,16896
20260716_agenttrace_frozen_load_only_kinf_rep7,agenttrace_admission_oracle_v4,trace_derived_simulation,86adc13cec5f5a186ade1082f0fb1da4944533a4,pagarsky/agent-trace: nl2bash_1_7B_20260403T211347Z,https://huggingface.co/datasets/pagarsky/agent-trace,Apache-2.0,250313ae096b0bb8c1986b6f571b68f4ff7617a12026db20214ad84188d12ae5,False,CPU-only; no live vLLM request,frozen,load_only,none,inf,False,4,512,7,10,20260716,d8512e165954c41ef73a46a2bc9a57ecef7ea872f987394a4acb4a06702432f5,512,128,128,structural agent-turn replay; Oracle-K is offline diagnosis only; no raw source text and no live latency.,Current,384,0.0,0.3421915167402116,106472.0,8168.0,0.0,0.0,384
20260716_agenttrace_frozen_exact_kinf_rep7,agenttrace_admission_oracle_v4,trace_derived_simulation,86adc13cec5f5a186ade1082f0fb1da4944533a4,pagarsky/agent-trace: nl2bash_1_7B_20260403T211347Z,https://huggingface.co/datasets/pagarsky/agent-trace,Apache-2.0,250313ae096b0bb8c1986b6f571b68f4ff7617a12026db20214ad84188d12ae5,False,CPU-only; no live vLLM request,frozen,exact,exact,inf,False,4,512,7,10,20260716,d8512e165954c41ef73a46a2bc9a57ecef7ea872f987394a4acb4a06702432f5,512,128,128,structural agent-turn replay; Oracle-K is offline diagnosis only; no raw source text and no live latency.,Current,384,1.0,0.35681132975979063,123405.0,25101.0,4.0,4.0,10752
20260716_agenttrace_frozen_sketch_lru_k2_rep7,agenttrace_admission_oracle_v4,trace_derived_simulation,86adc13cec5f5a186ade1082f0fb1da4944533a4,pagarsky/agent-trace: nl2bash_1_7B_20260403T211347Z,https://huggingface.co/datasets/pagarsky/agent-trace,Apache-2.0,250313ae096b0bb8c1986b6f571b68f4ff7617a12026db20214ad84188d12ae5,False,CPU-only; no live vLLM request,frozen,sketch,lru,2,False,4,512,7,10,20260716,d8512e165954c41ef73a46a2bc9a57ecef7ea872f987394a4acb4a06702432f5,512,128,128,structural agent-turn replay; Oracle-K is offline diagnosis only; no raw source text and no live latency.,Current,384,0.010416666666666666,0.3422636637538025,108048.0,9744.0,0.0,0.0,896
20260716_agenttrace_frozen_sketch_lru_k4_rep7,agenttrace_admission_oracle_v4,trace_derived_simulation,86adc13cec5f5a186ade1082f0fb1da4944533a4,pagarsky/agent-trace: nl2bash_1_7B_20260403T211347Z,https://huggingface.co/datasets/pagarsky/agent-trace,Apache-2.0,250313ae096b0bb8c1986b6f571b68f4ff7617a12026db20214ad84188d12ae5,False,CPU-only; no live vLLM request,frozen,sketch,lru,4,False,4,512,7,10,20260716,d8512e165954c41ef73a46a2bc9a57ecef7ea872f987394a4acb4a06702432f5,512,128,128,structural agent-turn replay; Oracle-K is offline diagnosis only; no raw source text and no live latency.,Current,384,0.010416666666666666,0.33939841133972426,103354.0,5050.0,0.0,0.0,1408
20260716_agenttrace_frozen_sketch_lru_k8_rep7,agenttrace_admission_oracle_v4,trace_derived_simulation,86adc13cec5f5a186ade1082f0fb1da4944533a4,pagarsky/agent-trace: nl2bash_1_7B_20260403T211347Z,https://huggingface.co/datasets/pagarsky/agent-trace,Apache-2.0,250313ae096b0bb8c1986b6f571b68f4ff7617a12026db20214ad84188d12ae5,False,CPU-only; no live vLLM request,frozen,sketch,lru,8,False,4,512,7,10,20260716,d8512e165954c41ef73a46a2bc9a57ecef7ea872f987394a4acb4a06702432f5,512,128,128,structural agent-turn replay; Oracle-K is offline diagnosis only; no raw source text and no live latency.,Current,384,0.018229166666666668,0.34400482406638505,110157.0,11853.0,1.0,1.0,2432
20260716_agenttrace_frozen_sketch_lru_k16_rep7,agenttrace_admission_oracle_v4,trace_derived_simulation,86adc13cec5f5a186ade1082f0fb1da4944533a4,pagarsky/agent-trace: nl2bash_1_7B_20260403T211347Z,https://huggingface.co/datasets/pagarsky/agent-trace,Apache-2.0,250313ae096b0bb8c1986b6f571b68f4ff7617a12026db20214ad84188d12ae5,False,CPU-only; no live vLLM request,frozen,sketch,lru,16,False,4,512,7,10,20260716,d8512e165954c41ef73a46a2bc9a57ecef7ea872f987394a4acb4a06702432f5,512,128,128,structural agent-turn replay; Oracle-K is offline diagnosis only; no raw source text and no live latency.,Current,384,0.033854166666666664,0.3501676291338884,118897.0,20593.0,1.0,1.0,4480
20260716_agenttrace_frozen_sketch_lru_k32_rep7,agenttrace_admission_oracle_v4,trace_derived_simulation,86adc13cec5f5a186ade1082f0fb1da4944533a4,pagarsky/agent-trace: nl2bash_1_7B_20260403T211347Z,https://huggingface.co/datasets/pagarsky/agent-trace,Apache-2.0,250313ae096b0bb8c1986b6f571b68f4ff7617a12026db20214ad84188d12ae5,False,CPU-only; no live vLLM request,frozen,sketch,lru,32,False,4,512,7,10,20260716,d8512e165954c41ef73a46a2bc9a57ecef7ea872f987394a4acb4a06702432f5,512,128,128,structural agent-turn replay; Oracle-K is offline diagnosis only; no raw source text and no live latency.,Current,384,0.0390625,0.34999628867527016,118991.0,20687.0,1.0,1.0,8576
20260716_agenttrace_frozen_sketch_lru_k64_rep7,agenttrace_admission_oracle_v4,trace_derived_simulation,86adc13cec5f5a186ade1082f0fb1da4944533a4,pagarsky/agent-trace: nl2bash_1_7B_20260403T211347Z,https://huggingface.co/datasets/pagarsky/agent-trace,Apache-2.0,250313ae096b0bb8c1986b6f571b68f4ff7617a12026db20214ad84188d12ae5,False,CPU-only; no live vLLM request,frozen,sketch,lru,64,False,4,512,7,10,20260716,d8512e165954c41ef73a46a2bc9a57ecef7ea872f987394a4acb4a06702432f5,512,128,128,structural agent-turn replay; Oracle-K is offline diagnosis only; no raw source text and no live latency.,Current,384,0.0390625,0.3502846969773363,118953.0,20649.0,4.0,4.0,10752
20260716_agenttrace_frozen_sketch_lru_k128_rep7,agenttrace_admission_oracle_v4,trace_derived_simulation,86adc13cec5f5a186ade1082f0fb1da4944533a4,pagarsky/agent-trace: nl2bash_1_7B_20260403T211347Z,https://huggingface.co/datasets/pagarsky/agent-trace,Apache-2.0,250313ae096b0bb8c1986b6f571b68f4ff7617a12026db20214ad84188d12ae5,False,CPU-only; no live vLLM request,frozen,sketch,lru,128,False,4,512,7,10,20260716,d8512e165954c41ef73a46a2bc9a57ecef7ea872f987394a4acb4a06702432f5,512,128,128,structural agent-turn replay; Oracle-K is offline diagnosis only; no raw source text and no live latency.,Current,384,0.0390625,0.3502846969773363,118953.0,20649.0,4.0,4.0,10752
20260716_agenttrace_frozen_sketch_lfu_k2_rep7,agenttrace_admission_oracle_v4,trace_derived_simulation,86adc13cec5f5a186ade1082f0fb1da4944533a4,pagarsky/agent-trace: nl2bash_1_7B_20260403T211347Z,https://huggingface.co/datasets/pagarsky/agent-trace,Apache-2.0,250313ae096b0bb8c1986b6f571b68f4ff7617a12026db20214ad84188d12ae5,False,CPU-only; no live vLLM request,frozen,sketch,lfu,2,False,4,512,7,10,20260716,d8512e165954c41ef73a46a2bc9a57ecef7ea872f987394a4acb4a06702432f5,512,128,128,structural agent-turn replay; Oracle-K is offline diagnosis only; no raw source text and no live latency.,Current,384,0.0,0.34353609754139336,108755.0,10451.0,4.0,4.0,896
20260716_agenttrace_frozen_sketch_lfu_k4_rep7,agenttrace_admission_oracle_v4,trace_derived_simulation,86adc13cec5f5a186ade1082f0fb1da4944533a4,pagarsky/agent-trace: nl2bash_1_7B_20260403T211347Z,https://huggingface.co/datasets/pagarsky/agent-trace,Apache-2.0,250313ae096b0bb8c1986b6f571b68f4ff7617a12026db20214ad84188d12ae5,False,CPU-only; no live vLLM request,frozen,sketch,lfu,4,False,4,512,7,10,20260716,d8512e165954c41ef73a46a2bc9a57ecef7ea872f987394a4acb4a06702432f5,512,128,128,structural agent-turn replay; Oracle-K is offline diagnosis only; no raw source text and no live latency.,Current,384,0.0,0.34353609754139336,108755.0,10451.0,4.0,4.0,1408
20260716_agenttrace_frozen_sketch_lfu_k8_rep7,agenttrace_admission_oracle_v4,trace_derived_simulation,86adc13cec5f5a186ade1082f0fb1da4944533a4,pagarsky/agent-trace: nl2bash_1_7B_20260403T211347Z,https://huggingface.co/datasets/pagarsky/agent-trace,Apache-2.0,250313ae096b0bb8c1986b6f571b68f4ff7617a12026db20214ad84188d12ae5,False,CPU-only; no live vLLM request,frozen,sketch,lfu,8,False,4,512,7,10,20260716,d8512e165954c41ef73a46a2bc9a57ecef7ea872f987394a4acb4a06702432f5,512,128,128,structural agent-turn replay; Oracle-K is offline diagnosis only; no raw source text and no live latency.,Current,384,0.0078125,0.3432824201732293,108356.0,10052.0,4.0,4.0,2432
20260716_agenttrace_frozen_sketch_lfu_k16_rep7,agenttrace_admission_oracle_v4,trace_derived_simulation,86adc13cec5f5a186ade1082f0fb1da4944533a4,pagarsky/agent-trace: nl2bash_1_7B_20260403T211347Z,https://huggingface.co/datasets/pagarsky/agent-trace,Apache-2.0,250313ae096b0bb8c1986b6f571b68f4ff7617a12026db20214ad84188d12ae5,False,CPU-only; no live vLLM request,frozen,sketch,lfu,16,False,4,512,7,10,20260716,d8512e165954c41ef73a46a2bc9a57ecef7ea872f987394a4acb4a06702432f5,512,128,128,structural agent-turn replay; Oracle-K is offline diagnosis only; no raw source text and no live latency.,Current,384,0.018229166666666668,0.3445050306468621,110279.0,11975.0,4.0,4.0,4480
20260716_agenttrace_frozen_sketch_lfu_k32_rep7,agenttrace_admission_oracle_v4,trace_derived_simulation,86adc13cec5f5a186ade1082f0fb1da4944533a4,pagarsky/agent-trace: nl2bash_1_7B_20260403T211347Z,https://huggingface.co/datasets/pagarsky/agent-trace,Apache-2.0,250313ae096b0bb8c1986b6f571b68f4ff7617a12026db20214ad84188d12ae5,False,CPU-only; no live vLLM request,frozen,sketch,lfu,32,False,4,512,7,10,20260716,d8512e165954c41ef73a46a2bc9a57ecef7ea872f987394a4acb4a06702432f5,512,128,128,structural agent-turn replay; Oracle-K is offline diagnosis only; no raw source text and no live latency.,Current,384,0.0390625,0.3502846969773363,118953.0,20649.0,4.0,4.0,8576
20260716_agenttrace_frozen_sketch_lfu_k64_rep7,agenttrace_admission_oracle_v4,trace_derived_simulation,86adc13cec5f5a186ade1082f0fb1da4944533a4,pagarsky/agent-trace: nl2bash_1_7B_20260403T211347Z,https://huggingface.co/datasets/pagarsky/agent-trace,Apache-2.0,250313ae096b0bb8c1986b6f571b68f4ff7617a12026db20214ad84188d12ae5,False,CPU-only; no live vLLM request,frozen,sketch,lfu,64,False,4,512,7,10,20260716,d8512e165954c41ef73a46a2bc9a57ecef7ea872f987394a4acb4a06702432f5,512,128,128,structural agent-turn replay; Oracle-K is offline diagnosis only; no raw source text and no live latency.,Current,384,0.0390625,0.3502846969773363,118953.0,20649.0,4.0,4.0,10752
20260716_agenttrace_frozen_sketch_lfu_k128_rep7,agenttrace_admission_oracle_v4,trace_derived_simulation,86adc13cec5f5a186ade1082f0fb1da4944533a4,pagarsky/agent-trace: nl2bash_1_7B_20260403T211347Z,https://huggingface.co/datasets/pagarsky/agent-trace,Apache-2.0,250313ae096b0bb8c1986b6f571b68f4ff7617a12026db20214ad84188d12ae5,False,CPU-only; no live vLLM request,frozen,sketch,lfu,128,False,4,512,7,10,20260716,d8512e165954c41ef73a46a2bc9a57ecef7ea872f987394a4acb4a06702432f5,512,128,128,structural agent-turn replay; Oracle-K is offline diagnosis only; no raw source text and no live latency.,Current,384,0.0390625,0.3502846969773363,118953.0,20649.0,4.0,4.0,10752
20260716_agenttrace_frozen_sketch_coverage_first_k2_rep7,agenttrace_admission_oracle_v4,trace_derived_simulation,86adc13cec5f5a186ade1082f0fb1da4944533a4,pagarsky/agent-trace: nl2bash_1_7B_20260403T211347Z,https://huggingface.co/datasets/pagarsky/agent-trace,Apache-2.0,250313ae096b0bb8c1986b6f571b68f4ff7617a12026db20214ad84188d12ae5,False,CPU-only; no live vLLM request,frozen,sketch,coverage_first,2,False,4,512,7,10,20260716,d8512e165954c41ef73a46a2bc9a57ecef7ea872f987394a4acb4a06702432f5,512,128,128,structural agent-turn replay; Oracle-K is offline diagnosis only; no raw source text and no live latency.,Current,384,0.033854166666666664,0.34934818258248423,118273.0,19969.0,0.0,0.0,896
20260716_agenttrace_frozen_sketch_coverage_first_k4_rep7,agenttrace_admission_oracle_v4,trace_derived_simulation,86adc13cec5f5a186ade1082f0fb1da4944533a4,pagarsky/agent-trace: nl2bash_1_7B_20260403T211347Z,https://huggingface.co/datasets/pagarsky/agent-trace,Apache-2.0,250313ae096b0bb8c1986b6f571b68f4ff7617a12026db20214ad84188d12ae5,False,CPU-only; no live vLLM request,frozen,sketch,coverage_first,4,False,4,512,7,10,20260716,d8512e165954c41ef73a46a2bc9a57ecef7ea872f987394a4acb4a06702432f5,512,128,128,structural agent-turn replay; Oracle-K is offline diagnosis only; no raw source text and no live latency.,Current,384,0.0390625,0.35049257008897894,119154.0,20850.0,1.0,1.0,1408
20260716_agenttrace_frozen_sketch_coverage_first_k8_rep7,agenttrace_admission_oracle_v4,trace_derived_simulation,86adc13cec5f5a186ade1082f0fb1da4944533a4,pagarsky/agent-trace: nl2bash_1_7B_20260403T211347Z,https://huggingface.co/datasets/pagarsky/agent-trace,Apache-2.0,250313ae096b0bb8c1986b6f571b68f4ff7617a12026db20214ad84188d12ae5,False,CPU-only; no live vLLM request,frozen,sketch,coverage_first,8,False,4,512,7,10,20260716,d8512e165954c41ef73a46a2bc9a57ecef7ea872f987394a4acb4a06702432f5,512,128,128,structural agent-turn replay; Oracle-K is offline diagnosis only; no raw source text and no live latency.,Current,384,0.0390625,0.35022341086555725,119244.0,20940.0,1.0,1.0,2432
20260716_agenttrace_frozen_sketch_coverage_first_k16_rep7,agenttrace_admission_oracle_v4,trace_derived_simulation,86adc13cec5f5a186ade1082f0fb1da4944533a4,pagarsky/agent-trace: nl2bash_1_7B_20260403T211347Z,https://huggingface.co/datasets/pagarsky/agent-trace,Apache-2.0,250313ae096b0bb8c1986b6f571b68f4ff7617a12026db20214ad84188d12ae5,False,CPU-only; no live vLLM request,frozen,sketch,coverage_first,16,False,4,512,7,10,20260716,d8512e165954c41ef73a46a2bc9a57ecef7ea872f987394a4acb4a06702432f5,512,128,128,structural agent-turn replay; Oracle-K is offline diagnosis only; no raw source text and no live latency.,Current,384,0.0390625,0.3502978598626184,118912.0,20608.0,1.0,1.0,4480
20260716_agenttrace_frozen_sketch_coverage_first_k32_rep7,agenttrace_admission_oracle_v4,trace_derived_simulation,86adc13cec5f5a186ade1082f0fb1da4944533a4,pagarsky/agent-trace: nl2bash_1_7B_20260403T211347Z,https://huggingface.co/datasets/pagarsky/agent-trace,Apache-2.0,250313ae096b0bb8c1986b6f571b68f4ff7617a12026db20214ad84188d12ae5,False,CPU-only; no live vLLM request,frozen,sketch,coverage_first,32,False,4,512,7,10,20260716,d8512e165954c41ef73a46a2bc9a57ecef7ea872f987394a4acb4a06702432f5,512,128,128,structural agent-turn replay; Oracle-K is offline diagnosis only; no raw source text and no live latency.,Current,384,0.0390625,0.3498673488445393,119089.0,20785.0,2.0,2.0,8576
20260716_agenttrace_frozen_sketch_coverage_first_k64_rep7,agenttrace_admission_oracle_v4,trace_derived_simulation,86adc13cec5f5a186ade1082f0fb1da4944533a4,pagarsky/agent-trace: nl2bash_1_7B_20260403T211347Z,https://huggingface.co/datasets/pagarsky/agent-trace,Apache-2.0,250313ae096b0bb8c1986b6f571b68f4ff7617a12026db20214ad84188d12ae5,False,CPU-only; no live vLLM request,frozen,sketch,coverage_first,64,False,4,512,7,10,20260716,d8512e165954c41ef73a46a2bc9a57ecef7ea872f987394a4acb4a06702432f5,512,128,128,structural agent-turn replay; Oracle-K is offline diagnosis only; no raw source text and no live latency.,Current,384,0.0390625,0.3502846969773363,118953.0,20649.0,4.0,4.0,10752
20260716_agenttrace_frozen_sketch_coverage_first_k128_rep7,agenttrace_admission_oracle_v4,trace_derived_simulation,86adc13cec5f5a186ade1082f0fb1da4944533a4,pagarsky/agent-trace: nl2bash_1_7B_20260403T211347Z,https://huggingface.co/datasets/pagarsky/agent-trace,Apache-2.0,250313ae096b0bb8c1986b6f571b68f4ff7617a12026db20214ad84188d12ae5,False,CPU-only; no live vLLM request,frozen,sketch,coverage_first,128,False,4,512,7,10,20260716,d8512e165954c41ef73a46a2bc9a57ecef7ea872f987394a4acb4a06702432f5,512,128,128,structural agent-turn replay; Oracle-K is offline diagnosis only; no raw source text and no live latency.,Current,384,0.0390625,0.3502846969773363,118953.0,20649.0,4.0,4.0,10752
20260716_agenttrace_frozen_sketch_saved_prefill_first_k2_rep7,agenttrace_admission_oracle_v4,trace_derived_simulation,86adc13cec5f5a186ade1082f0fb1da4944533a4,pagarsky/agent-trace: nl2bash_1_7B_20260403T211347Z,https://huggingface.co/datasets/pagarsky/agent-trace,Apache-2.0,250313ae096b0bb8c1986b6f571b68f4ff7617a12026db20214ad84188d12ae5,False,CPU-only; no live vLLM request,frozen,sketch,saved_prefill_first,2,False,4,512,7,10,20260716,d8512e165954c41ef73a46a2bc9a57ecef7ea872f987394a4acb4a06702432f5,512,128,128,structural agent-turn replay; Oracle-K is offline diagnosis only; no raw source text and no live latency.,Current,384,0.0078125,0.34628267957264336,113075.0,14771.0,4.0,4.0,896
20260716_agenttrace_frozen_sketch_saved_prefill_first_k4_rep7,agenttrace_admission_oracle_v4,trace_derived_simulation,86adc13cec5f5a186ade1082f0fb1da4944533a4,pagarsky/agent-trace: nl2bash_1_7B_20260403T211347Z,https://huggingface.co/datasets/pagarsky/agent-trace,Apache-2.0,250313ae096b0bb8c1986b6f571b68f4ff7617a12026db20214ad84188d12ae5,False,CPU-only; no live vLLM request,frozen,sketch,saved_prefill_first,4,False,4,512,7,10,20260716,d8512e165954c41ef73a46a2bc9a57ecef7ea872f987394a4acb4a06702432f5,512,128,128,structural agent-turn replay; Oracle-K is offline diagnosis only; no raw source text and no live latency.,Current,384,0.033854166666666664,0.3502846969773363,118953.0,20649.0,4.0,4.0,1408
20260716_agenttrace_frozen_sketch_saved_prefill_first_k8_rep7,agenttrace_admission_oracle_v4,trace_derived_simulation,86adc13cec5f5a186ade1082f0fb1da4944533a4,pagarsky/agent-trace: nl2bash_1_7B_20260403T211347Z,https://huggingface.co/datasets/pagarsky/agent-trace,Apache-2.0,250313ae096b0bb8c1986b6f571b68f4ff7617a12026db20214ad84188d12ae5,False,CPU-only; no live vLLM request,frozen,sketch,saved_prefill_first,8,False,4,512,7,10,20260716,d8512e165954c41ef73a46a2bc9a57ecef7ea872f987394a4acb4a06702432f5,512,128,128,structural agent-turn replay; Oracle-K is offline diagnosis only; no raw source text and no live latency.,Current,384,0.0390625,0.3502846969773363,118953.0,20649.0,4.0,4.0,2432
20260716_agenttrace_frozen_sketch_saved_prefill_first_k16_rep7,agenttrace_admission_oracle_v4,trace_derived_simulation,86adc13cec5f5a186ade1082f0fb1da4944533a4,pagarsky/agent-trace: nl2bash_1_7B_20260403T211347Z,https://huggingface.co/datasets/pagarsky/agent-trace,Apache-2.0,250313ae096b0bb8c1986b6f571b68f4ff7617a12026db20214ad84188d12ae5,False,CPU-only; no live vLLM request,frozen,sketch,saved_prefill_first,16,False,4,512,7,10,20260716,d8512e165954c41ef73a46a2bc9a57ecef7ea872f987394a4acb4a06702432f5,512,128,128,structural agent-turn replay; Oracle-K is offline diagnosis only; no raw source text and no live latency.,Current,384,0.0390625,0.3502846969773363,118953.0,20649.0,4.0,4.0,4480
20260716_agenttrace_frozen_sketch_saved_prefill_first_k32_rep7,agenttrace_admission_oracle_v4,trace_derived_simulation,86adc13cec5f5a186ade1082f0fb1da4944533a4,pagarsky/agent-trace: nl2bash_1_7B_20260403T211347Z,https://huggingface.co/datasets/pagarsky/agent-trace,Apache-2.0,250313ae096b0bb8c1986b6f571b68f4ff7617a12026db20214ad84188d12ae5,False,CPU-only; no live vLLM request,frozen,sketch,saved_prefill_first,32,False,4,512,7,10,20260716,d8512e165954c41ef73a46a2bc9a57ecef7ea872f987394a4acb4a06702432f5,512,128,128,structural agent-turn replay; Oracle-K is offline diagnosis only; no raw source text and no live latency.,Current,384,0.0390625,0.3502846969773363,118953.0,20649.0,4.0,4.0,8576
20260716_agenttrace_frozen_sketch_saved_prefill_first_k64_rep7,agenttrace_admission_oracle_v4,trace_derived_simulation,86adc13cec5f5a186ade1082f0fb1da4944533a4,pagarsky/agent-trace: nl2bash_1_7B_20260403T211347Z,https://huggingface.co/datasets/pagarsky/agent-trace,Apache-2.0,250313ae096b0bb8c1986b6f571b68f4ff7617a12026db20214ad84188d12ae5,False,CPU-only; no live vLLM request,frozen,sketch,saved_prefill_first,64,False,4,512,7,10,20260716,d8512e165954c41ef73a46a2bc9a57ecef7ea872f987394a4acb4a06702432f5,512,128,128,structural agent-turn replay; Oracle-K is offline diagnosis only; no raw source text and no live latency.,Current,384,0.0390625,0.3502846969773363,118953.0,20649.0,4.0,4.0,10752
20260716_agenttrace_frozen_sketch_saved_prefill_first_k128_rep7,agenttrace_admission_oracle_v4,trace_derived_simulation,86adc13cec5f5a186ade1082f0fb1da4944533a4,pagarsky/agent-trace: nl2bash_1_7B_20260403T211347Z,https://huggingface.co/datasets/pagarsky/agent-trace,Apache-2.0,250313ae096b0bb8c1986b6f571b68f4ff7617a12026db20214ad84188d12ae5,False,CPU-only; no live vLLM request,frozen,sketch,saved_prefill_first,128,False,4,512,7,10,20260716,d8512e165954c41ef73a46a2bc9a57ecef7ea872f987394a4acb4a06702432f5,512,128,128,structural agent-turn replay; Oracle-K is offline diagnosis only; no raw source text and no live latency.,Current,384,0.0390625,0.3502846969773363,118953.0,20649.0,4.0,4.0,10752
20260716_agenttrace_frozen_sketch_reuse_distance_k2_rep7,agenttrace_admission_oracle_v4,trace_derived_simulation,86adc13cec5f5a186ade1082f0fb1da4944533a4,pagarsky/agent-trace: nl2bash_1_7B_20260403T211347Z,https://huggingface.co/datasets/pagarsky/agent-trace,Apache-2.0,250313ae096b0bb8c1986b6f571b68f4ff7617a12026db20214ad84188d12ae5,False,CPU-only; no live vLLM request,frozen,sketch,reuse_distance,2,False,4,512,7,10,20260716,d8512e165954c41ef73a46a2bc9a57ecef7ea872f987394a4acb4a06702432f5,512,128,128,structural agent-turn replay; Oracle-K is offline diagnosis only; no raw source text and no live latency.,Current,384,0.033854166666666664,0.34934818258248423,118273.0,19969.0,0.0,0.0,896
20260716_agenttrace_frozen_sketch_reuse_distance_k4_rep7,agenttrace_admission_oracle_v4,trace_derived_simulation,86adc13cec5f5a186ade1082f0fb1da4944533a4,pagarsky/agent-trace: nl2bash_1_7B_20260403T211347Z,https://huggingface.co/datasets/pagarsky/agent-trace,Apache-2.0,250313ae096b0bb8c1986b6f571b68f4ff7617a12026db20214ad84188d12ae5,False,CPU-only; no live vLLM request,frozen,sketch,reuse_distance,4,False,4,512,7,10,20260716,d8512e165954c41ef73a46a2bc9a57ecef7ea872f987394a4acb4a06702432f5,512,128,128,structural agent-turn replay; Oracle-K is offline diagnosis only; no raw source text and no live latency.,Current,384,0.0390625,0.35049257008897894,119154.0,20850.0,1.0,1.0,1408
20260716_agenttrace_frozen_sketch_reuse_distance_k8_rep7,agenttrace_admission_oracle_v4,trace_derived_simulation,86adc13cec5f5a186ade1082f0fb1da4944533a4,pagarsky/agent-trace: nl2bash_1_7B_20260403T211347Z,https://huggingface.co/datasets/pagarsky/agent-trace,Apache-2.0,250313ae096b0bb8c1986b6f571b68f4ff7617a12026db20214ad84188d12ae5,False,CPU-only; no live vLLM request,frozen,sketch,reuse_distance,8,False,4,512,7,10,20260716,d8512e165954c41ef73a46a2bc9a57ecef7ea872f987394a4acb4a06702432f5,512,128,128,structural agent-turn replay; Oracle-K is offline diagnosis only; no raw source text and no live latency.,Current,384,0.0390625,0.35022341086555725,119244.0,20940.0,1.0,1.0,2432
20260716_agenttrace_frozen_sketch_reuse_distance_k16_rep7,agenttrace_admission_oracle_v4,trace_derived_simulation,86adc13cec5f5a186ade1082f0fb1da4944533a4,pagarsky/agent-trace: nl2bash_1_7B_20260403T211347Z,https://huggingface.co/datasets/pagarsky/agent-trace,Apache-2.0,250313ae096b0bb8c1986b6f571b68f4ff7617a12026db20214ad84188d12ae5,False,CPU-only; no live vLLM request,frozen,sketch,reuse_distance,16,False,4,512,7,10,20260716,d8512e165954c41ef73a46a2bc9a57ecef7ea872f987394a4acb4a06702432f5,512,128,128,structural agent-turn replay; Oracle-K is offline diagnosis only; no raw source text and no live latency.,Current,384,0.0390625,0.3502978598626184,118912.0,20608.0,1.0,1.0,4480
20260716_agenttrace_frozen_sketch_reuse_distance_k32_rep7,agenttrace_admission_oracle_v4,trace_derived_simulation,86adc13cec5f5a186ade1082f0fb1da4944533a4,pagarsky/agent-trace: nl2bash_1_7B_20260403T211347Z,https://huggingface.co/datasets/pagarsky/agent-trace,Apache-2.0,250313ae096b0bb8c1986b6f571b68f4ff7617a12026db20214ad84188d12ae5,False,CPU-only; no live vLLM request,frozen,sketch,reuse_distance,32,False,4,512,7,10,20260716,d8512e165954c41ef73a46a2bc9a57ecef7ea872f987394a4acb4a06702432f5,512,128,128,structural agent-turn replay; Oracle-K is offline diagnosis only; no raw source text and no live latency.,Current,384,0.0390625,0.3498673488445393,119089.0,20785.0,2.0,2.0,8576
20260716_agenttrace_frozen_sketch_reuse_distance_k64_rep7,agenttrace_admission_oracle_v4,trace_derived_simulation,86adc13cec5f5a186ade1082f0fb1da4944533a4,pagarsky/agent-trace: nl2bash_1_7B_20260403T211347Z,https://huggingface.co/datasets/pagarsky/agent-trace,Apache-2.0,250313ae096b0bb8c1986b6f571b68f4ff7617a12026db20214ad84188d12ae5,False,CPU-only; no live vLLM request,frozen,sketch,reuse_distance,64,False,4,512,7,10,20260716,d8512e165954c41ef73a46a2bc9a57ecef7ea872f987394a4acb4a06702432f5,512,128,128,structural agent-turn replay; Oracle-K is offline diagnosis only; no raw source text and no live latency.,Current,384,0.0390625,0.3502846969773363,118953.0,20649.0,4.0,4.0,10752
20260716_agenttrace_frozen_sketch_reuse_distance_k128_rep7,agenttrace_admission_oracle_v4,trace_derived_simulation,86adc13cec5f5a186ade1082f0fb1da4944533a4,pagarsky/agent-trace: nl2bash_1_7B_20260403T211347Z,https://huggingface.co/datasets/pagarsky/agent-trace,Apache-2.0,250313ae096b0bb8c1986b6f571b68f4ff7617a12026db20214ad84188d12ae5,False,CPU-only; no live vLLM request,frozen,sketch,reuse_distance,128,False,4,512,7,10,20260716,d8512e165954c41ef73a46a2bc9a57ecef7ea872f987394a4acb4a06702432f5,512,128,128,structural agent-turn replay; Oracle-K is offline diagnosis only; no raw source text and no live latency.,Current,384,0.0390625,0.3502846969773363,118953.0,20649.0,4.0,4.0,10752
20260716_agenttrace_frozen_sketch_oracle_future_value_k2_rep7,agenttrace_admission_oracle_v4,trace_derived_simulation,86adc13cec5f5a186ade1082f0fb1da4944533a4,pagarsky/agent-trace: nl2bash_1_7B_20260403T211347Z,https://huggingface.co/datasets/pagarsky/agent-trace,Apache-2.0,250313ae096b0bb8c1986b6f571b68f4ff7617a12026db20214ad84188d12ae5,False,CPU-only; no live vLLM request,frozen,sketch,oracle_future_value,2,True,4,512,7,10,20260716,d8512e165954c41ef73a46a2bc9a57ecef7ea872f987394a4acb4a06702432f5,512,128,128,structural agent-turn replay; Oracle-K is offline diagnosis only; no raw source text and no live latency.,UpperBoundOnly,384,0.033854166666666664,0.3505268909988385,119133.0,20829.0,0.0,0.0,896
20260716_agenttrace_frozen_sketch_oracle_future_value_k4_rep7,agenttrace_admission_oracle_v4,trace_derived_simulation,86adc13cec5f5a186ade1082f0fb1da4944533a4,pagarsky/agent-trace: nl2bash_1_7B_20260403T211347Z,https://huggingface.co/datasets/pagarsky/agent-trace,Apache-2.0,250313ae096b0bb8c1986b6f571b68f4ff7617a12026db20214ad84188d12ae5,False,CPU-only; no live vLLM request,frozen,sketch,oracle_future_value,4,True,4,512,7,10,20260716,d8512e165954c41ef73a46a2bc9a57ecef7ea872f987394a4acb4a06702432f5,512,128,128,structural agent-turn replay; Oracle-K is offline diagnosis only; no raw source text and no live latency.,UpperBoundOnly,384,0.0390625,0.35047536311485694,119417.0,21113.0,1.0,1.0,1408
20260716_agenttrace_frozen_sketch_oracle_future_value_k8_rep7,agenttrace_admission_oracle_v4,trace_derived_simulation,86adc13cec5f5a186ade1082f0fb1da4944533a4,pagarsky/agent-trace: nl2bash_1_7B_20260403T211347Z,https://huggingface.co/datasets/pagarsky/agent-trace,Apache-2.0,250313ae096b0bb8c1986b6f571b68f4ff7617a12026db20214ad84188d12ae5,False,CPU-only; no live vLLM request,frozen,sketch,oracle_future_value,8,True,4,512,7,10,20260716,d8512e165954c41ef73a46a2bc9a57ecef7ea872f987394a4acb4a06702432f5,512,128,128,structural agent-turn replay; Oracle-K is offline diagnosis only; no raw source text and no live latency.,UpperBoundOnly,384,0.0390625,0.34991398242588095,118990.0,20686.0,1.0,1.0,2432
20260716_agenttrace_frozen_sketch_oracle_future_value_k16_rep7,agenttrace_admission_oracle_v4,trace_derived_simulation,86adc13cec5f5a186ade1082f0fb1da4944533a4,pagarsky/agent-trace: nl2bash_1_7B_20260403T211347Z,https://huggingface.co/datasets/pagarsky/agent-trace,Apache-2.0,250313ae096b0bb8c1986b6f571b68f4ff7617a12026db20214ad84188d12ae5,False,CPU-only; no live vLLM request,frozen,sketch,oracle_future_value,16,True,4,512,7,10,20260716,d8512e165954c41ef73a46a2bc9a57ecef7ea872f987394a4acb4a06702432f5,512,128,128,structural agent-turn replay; Oracle-K is offline diagnosis only; no raw source text and no live latency.,UpperBoundOnly,384,0.0390625,0.34977851270995386,119133.0,20829.0,2.0,2.0,4480
20260716_agenttrace_frozen_sketch_oracle_future_value_k32_rep7,agenttrace_admission_oracle_v4,trace_derived_simulation,86adc13cec5f5a186ade1082f0fb1da4944533a4,pagarsky/agent-trace: nl2bash_1_7B_20260403T211347Z,https://huggingface.co/datasets/pagarsky/agent-trace,Apache-2.0,250313ae096b0bb8c1986b6f571b68f4ff7617a12026db20214ad84188d12ae5,False,CPU-only; no live vLLM request,frozen,sketch,oracle_future_value,32,True,4,512,7,10,20260716,d8512e165954c41ef73a46a2bc9a57ecef7ea872f987394a4acb4a06702432f5,512,128,128,structural agent-turn replay; Oracle-K is offline diagnosis only; no raw source text and no live latency.,UpperBoundOnly,384,0.0390625,0.35075896655150146,119444.0,21140.0,2.0,2.0,8576
20260716_agenttrace_frozen_sketch_oracle_future_value_k64_rep7,agenttrace_admission_oracle_v4,trace_derived_simulation,86adc13cec5f5a186ade1082f0fb1da4944533a4,pagarsky/agent-trace: nl2bash_1_7B_20260403T211347Z,https://huggingface.co/datasets/pagarsky/agent-trace,Apache-2.0,250313ae096b0bb8c1986b6f571b68f4ff7617a12026db20214ad84188d12ae5,False,CPU-only; no live vLLM request,frozen,sketch,oracle_future_value,64,True,4,512,7,10,20260716,d8512e165954c41ef73a46a2bc9a57ecef7ea872f987394a4acb4a06702432f5,512,128,128,structural agent-turn replay; Oracle-K is offline diagnosis only; no raw source text and no live latency.,UpperBoundOnly,384,0.0390625,0.3502846969773363,118953.0,20649.0,4.0,4.0,10752
20260716_agenttrace_frozen_sketch_oracle_future_value_k128_rep7,agenttrace_admission_oracle_v4,trace_derived_simulation,86adc13cec5f5a186ade1082f0fb1da4944533a4,pagarsky/agent-trace: nl2bash_1_7B_20260403T211347Z,https://huggingface.co/datasets/pagarsky/agent-trace,Apache-2.0,250313ae096b0bb8c1986b6f571b68f4ff7617a12026db20214ad84188d12ae5,False,CPU-only; no live vLLM request,frozen,sketch,oracle_future_value,128,True,4,512,7,10,20260716,d8512e165954c41ef73a46a2bc9a57ecef7ea872f987394a4acb4a06702432f5,512,128,128,structural agent-turn replay; Oracle-K is offline diagnosis only; no raw source text and no live latency.,UpperBoundOnly,384,0.0390625,0.3502846969773363,118953.0,20649.0,4.0,4.0,10752
20260716_agenttrace_closed_loop_load_only_kinf_rep7,agenttrace_admission_oracle_v4,trace_derived_simulation,86adc13cec5f5a186ade1082f0fb1da4944533a4,pagarsky/agent-trace: nl2bash_1_7B_20260403T211347Z,https://huggingface.co/datasets/pagarsky/agent-trace,Apache-2.0,250313ae096b0bb8c1986b6f571b68f4ff7617a12026db20214ad84188d12ae5,False,CPU-only; no live vLLM request,closed_loop,load_only,none,inf,False,4,512,7,10,20260716,d8512e165954c41ef73a46a2bc9a57ecef7ea872f987394a4acb4a06702432f5,512,128,128,structural agent-turn replay; Oracle-K is offline diagnosis only; no raw source text and no live latency.,Current,384,0.0,0.3782201282175217,157588.0,59284.0,0.0,0.0,384
20260716_agenttrace_closed_loop_exact_kinf_rep7,agenttrace_admission_oracle_v4,trace_derived_simulation,86adc13cec5f5a186ade1082f0fb1da4944533a4,pagarsky/agent-trace: nl2bash_1_7B_20260403T211347Z,https://huggingface.co/datasets/pagarsky/agent-trace,Apache-2.0,250313ae096b0bb8c1986b6f571b68f4ff7617a12026db20214ad84188d12ae5,False,CPU-only; no live vLLM request,closed_loop,exact,exact,inf,False,4,512,7,10,20260716,d8512e165954c41ef73a46a2bc9a57ecef7ea872f987394a4acb4a06702432f5,512,128,128,structural agent-turn replay; Oracle-K is offline diagnosis only; no raw source text and no live latency.,Current,384,0.11979166666666667,0.4121480624078831,208079.0,109775.0,3.0,3.0,16896
20260716_agenttrace_closed_loop_sketch_lru_k2_rep7,agenttrace_admission_oracle_v4,trace_derived_simulation,86adc13cec5f5a186ade1082f0fb1da4944533a4,pagarsky/agent-trace: nl2bash_1_7B_20260403T211347Z,https://huggingface.co/datasets/pagarsky/agent-trace,Apache-2.0,250313ae096b0bb8c1986b6f571b68f4ff7617a12026db20214ad84188d12ae5,False,CPU-only; no live vLLM request,closed_loop,sketch,lru,2,False,4,512,7,10,20260716,d8512e165954c41ef73a46a2bc9a57ecef7ea872f987394a4acb4a06702432f5,512,128,128,structural agent-turn replay; Oracle-K is offline diagnosis only; no raw source text and no live latency.,Current,384,0.005208333333333333,0.38274200336689423,163313.0,65009.0,3.0,3.0,768
20260716_agenttrace_closed_loop_sketch_lru_k4_rep7,agenttrace_admission_oracle_v4,trace_derived_simulation,86adc13cec5f5a186ade1082f0fb1da4944533a4,pagarsky/agent-trace: nl2bash_1_7B_20260403T211347Z,https://huggingface.co/datasets/pagarsky/agent-trace,Apache-2.0,250313ae096b0bb8c1986b6f571b68f4ff7617a12026db20214ad84188d12ae5,False,CPU-only; no live vLLM request,closed_loop,sketch,lru,4,False,4,512,7,10,20260716,d8512e165954c41ef73a46a2bc9a57ecef7ea872f987394a4acb4a06702432f5,512,128,128,structural agent-turn replay; Oracle-K is offline diagnosis only; no raw source text and no live latency.,Current,384,0.005208333333333333,0.38274200336689423,163313.0,65009.0,3.0,3.0,1024
20260716_agenttrace_closed_loop_sketch_lru_k8_rep7,agenttrace_admission_oracle_v4,trace_derived_simulation,86adc13cec5f5a186ade1082f0fb1da4944533a4,pagarsky/agent-trace: nl2bash_1_7B_20260403T211347Z,https://huggingface.co/datasets/pagarsky/agent-trace,Apache-2.0,250313ae096b0bb8c1986b6f571b68f4ff7617a12026db20214ad84188d12ae5,False,CPU-only; no live vLLM request,closed_loop,sketch,lru,8,False,4,512,7,10,20260716,d8512e165954c41ef73a46a2bc9a57ecef7ea872f987394a4acb4a06702432f5,512,128,128,structural agent-turn replay; Oracle-K is offline diagnosis only; no raw source text and no live latency.,Current,384,0.013020833333333334,0.3834731974481819,164068.0,65764.0,3.0,3.0,1536
20260716_agenttrace_closed_loop_sketch_lru_k16_rep7,agenttrace_admission_oracle_v4,trace_derived_simulation,86adc13cec5f5a186ade1082f0fb1da4944533a4,pagarsky/agent-trace: nl2bash_1_7B_20260403T211347Z,https://huggingface.co/datasets/pagarsky/agent-trace,Apache-2.0,250313ae096b0bb8c1986b6f571b68f4ff7617a12026db20214ad84188d12ae5,False,CPU-only; no live vLLM request,closed_loop,sketch,lru,16,False,4,512,7,10,20260716,d8512e165954c41ef73a46a2bc9a57ecef7ea872f987394a4acb4a06702432f5,512,128,128,structural agent-turn replay; Oracle-K is offline diagnosis only; no raw source text and no live latency.,Current,384,0.033854166666666664,0.38864300547106784,172187.0,73883.0,3.0,3.0,2560
20260716_agenttrace_closed_loop_sketch_lru_k32_rep7,agenttrace_admission_oracle_v4,trace_derived_simulation,86adc13cec5f5a186ade1082f0fb1da4944533a4,pagarsky/agent-trace: nl2bash_1_7B_20260403T211347Z,https://huggingface.co/datasets/pagarsky/agent-trace,Apache-2.0,250313ae096b0bb8c1986b6f571b68f4ff7617a12026db20214ad84188d12ae5,False,CPU-only; no live vLLM request,closed_loop,sketch,lru,32,False,4,512,7,10,20260716,d8512e165954c41ef73a46a2bc9a57ecef7ea872f987394a4acb4a06702432f5,512,128,128,structural agent-turn replay; Oracle-K is offline diagnosis only; no raw source text and no live latency.,Current,384,0.057291666666666664,0.39111610905713085,176036.0,77732.0,3.0,3.0,4608
20260716_agenttrace_closed_loop_sketch_lru_k64_rep7,agenttrace_admission_oracle_v4,trace_derived_simulation,86adc13cec5f5a186ade1082f0fb1da4944533a4,pagarsky/agent-trace: nl2bash_1_7B_20260403T211347Z,https://huggingface.co/datasets/pagarsky/agent-trace,Apache-2.0,250313ae096b0bb8c1986b6f571b68f4ff7617a12026db20214ad84188d12ae5,False,CPU-only; no live vLLM request,closed_loop,sketch,lru,64,False,4,512,7,10,20260716,d8512e165954c41ef73a46a2bc9a57ecef7ea872f987394a4acb4a06702432f5,512,128,128,structural agent-turn replay; Oracle-K is offline diagnosis only; no raw source text and no live latency.,Current,384,0.09114583333333333,0.39967867970521315,189397.0,91093.0,3.0,3.0,8704
20260716_agenttrace_closed_loop_sketch_lru_k128_rep7,agenttrace_admission_oracle_v4,trace_derived_simulation,86adc13cec5f5a186ade1082f0fb1da4944533a4,pagarsky/agent-trace: nl2bash_1_7B_20260403T211347Z,https://huggingface.co/datasets/pagarsky/agent-trace,Apache-2.0,250313ae096b0bb8c1986b6f571b68f4ff7617a12026db20214ad84188d12ae5,False,CPU-only; no live vLLM request,closed_loop,sketch,lru,128,False,4,512,7,10,20260716,d8512e165954c41ef73a46a2bc9a57ecef7ea872f987394a4acb4a06702432f5,512,128,128,structural agent-turn replay; Oracle-K is offline diagnosis only; no raw source text and no live latency.,Current,384,0.11979166666666667,0.4121480624078831,208079.0,109775.0,3.0,3.0,16896
20260716_agenttrace_closed_loop_sketch_lfu_k2_rep7,agenttrace_admission_oracle_v4,trace_derived_simulation,86adc13cec5f5a186ade1082f0fb1da4944533a4,pagarsky/agent-trace: nl2bash_1_7B_20260403T211347Z,https://huggingface.co/datasets/pagarsky/agent-trace,Apache-2.0,250313ae096b0bb8c1986b6f571b68f4ff7617a12026db20214ad84188d12ae5,False,CPU-only; no live vLLM request,closed_loop,sketch,lfu,2,False,4,512,7,10,20260716,d8512e165954c41ef73a46a2bc9a57ecef7ea872f987394a4acb4a06702432f5,512,128,128,structural agent-turn replay; Oracle-K is offline diagnosis only; no raw source text and no live latency.,Current,384,0.0,0.38274200336689423,163313.0,65009.0,3.0,3.0,768
20260716_agenttrace_closed_loop_sketch_lfu_k4_rep7,agenttrace_admission_oracle_v4,trace_derived_simulation,86adc13cec5f5a186ade1082f0fb1da4944533a4,pagarsky/agent-trace: nl2bash_1_7B_20260403T211347Z,https://huggingface.co/datasets/pagarsky/agent-trace,Apache-2.0,250313ae096b0bb8c1986b6f571b68f4ff7617a12026db20214ad84188d12ae5,False,CPU-only; no live vLLM request,closed_loop,sketch,lfu,4,False,4,512,7,10,20260716,d8512e165954c41ef73a46a2bc9a57ecef7ea872f987394a4acb4a06702432f5,512,128,128,structural agent-turn replay; Oracle-K is offline diagnosis only; no raw source text and no live latency.,Current,384,0.0,0.38274200336689423,163313.0,65009.0,3.0,3.0,1024
20260716_agenttrace_closed_loop_sketch_lfu_k8_rep7,agenttrace_admission_oracle_v4,trace_derived_simulation,86adc13cec5f5a186ade1082f0fb1da4944533a4,pagarsky/agent-trace: nl2bash_1_7B_20260403T211347Z,https://huggingface.co/datasets/pagarsky/agent-trace,Apache-2.0,250313ae096b0bb8c1986b6f571b68f4ff7617a12026db20214ad84188d12ae5,False,CPU-only; no live vLLM request,closed_loop,sketch,lfu,8,False,4,512,7,10,20260716,d8512e165954c41ef73a46a2bc9a57ecef7ea872f987394a4acb4a06702432f5,512,128,128,structural agent-turn replay; Oracle-K is offline diagnosis only; no raw source text and no live latency.,Current,384,0.005208333333333333,0.3816509999489255,161597.0,63293.0,3.0,3.0,1536
20260716_agenttrace_closed_loop_sketch_lfu_k16_rep7,agenttrace_admission_oracle_v4,trace_derived_simulation,86adc13cec5f5a186ade1082f0fb1da4944533a4,pagarsky/agent-trace: nl2bash_1_7B_20260403T211347Z,https://huggingface.co/datasets/pagarsky/agent-trace,Apache-2.0,250313ae096b0bb8c1986b6f571b68f4ff7617a12026db20214ad84188d12ae5,False,CPU-only; no live vLLM request,closed_loop,sketch,lfu,16,False,4,512,7,10,20260716,d8512e165954c41ef73a46a2bc9a57ecef7ea872f987394a4acb4a06702432f5,512,128,128,structural agent-turn replay; Oracle-K is offline diagnosis only; no raw source text and no live latency.,Current,384,0.0234375,0.3800456481829749,159072.0,60768.0,3.0,3.0,2560
20260716_agenttrace_closed_loop_sketch_lfu_k32_rep7,agenttrace_admission_oracle_v4,trace_derived_simulation,86adc13cec5f5a186ade1082f0fb1da4944533a4,pagarsky/agent-trace: nl2bash_1_7B_20260403T211347Z,https://huggingface.co/datasets/pagarsky/agent-trace,Apache-2.0,250313ae096b0bb8c1986b6f571b68f4ff7617a12026db20214ad84188d12ae5,False,CPU-only; no live vLLM request,closed_loop,sketch,lfu,32,False,4,512,7,10,20260716,d8512e165954c41ef73a46a2bc9a57ecef7ea872f987394a4acb4a06702432f5,512,128,128,structural agent-turn replay; Oracle-K is offline diagnosis only; no raw source text and no live latency.,Current,384,0.041666666666666664,0.387487507529091,170826.0,72522.0,3.0,3.0,4608
20260716_agenttrace_closed_loop_sketch_lfu_k64_rep7,agenttrace_admission_oracle_v4,trace_derived_simulation,86adc13cec5f5a186ade1082f0fb1da4944533a4,pagarsky/agent-trace: nl2bash_1_7B_20260403T211347Z,https://huggingface.co/datasets/pagarsky/agent-trace,Apache-2.0,250313ae096b0bb8c1986b6f571b68f4ff7617a12026db20214ad84188d12ae5,False,CPU-only; no live vLLM request,closed_loop,sketch,lfu,64,False,4,512,7,10,20260716,d8512e165954c41ef73a46a2bc9a57ecef7ea872f987394a4acb4a06702432f5,512,128,128,structural agent-turn replay; Oracle-K is offline diagnosis only; no raw source text and no live latency.,Current,384,0.078125,0.39658519022068356,185346.0,87042.0,3.0,3.0,8704
20260716_agenttrace_closed_loop_sketch_lfu_k128_rep7,agenttrace_admission_oracle_v4,trace_derived_simulation,86adc13cec5f5a186ade1082f0fb1da4944533a4,pagarsky/agent-trace: nl2bash_1_7B_20260403T211347Z,https://huggingface.co/datasets/pagarsky/agent-trace,Apache-2.0,250313ae096b0bb8c1986b6f571b68f4ff7617a12026db20214ad84188d12ae5,False,CPU-only; no live vLLM request,closed_loop,sketch,lfu,128,False,4,512,7,10,20260716,d8512e165954c41ef73a46a2bc9a57ecef7ea872f987394a4acb4a06702432f5,512,128,128,structural agent-turn replay; Oracle-K is offline diagnosis only; no raw source text and no live latency.,Current,384,0.11979166666666667,0.4121480624078831,208079.0,109775.0,3.0,3.0,16896
20260716_agenttrace_closed_loop_sketch_coverage_first_k2_rep7,agenttrace_admission_oracle_v4,trace_derived_simulation,86adc13cec5f5a186ade1082f0fb1da4944533a4,pagarsky/agent-trace: nl2bash_1_7B_20260403T211347Z,https://huggingface.co/datasets/pagarsky/agent-trace,Apache-2.0,250313ae096b0bb8c1986b6f571b68f4ff7617a12026db20214ad84188d12ae5,False,CPU-only; no live vLLM request,closed_loop,sketch,coverage_first,2,False,4,512,7,10,20260716,d8512e165954c41ef73a46a2bc9a57ecef7ea872f987394a4acb4a06702432f5,512,128,128,structural agent-turn replay; Oracle-K is offline diagnosis only; no raw source text and no live latency.,Current,384,0.028645833333333332,0.39259986065618974,178423.0,80119.0,1.0,1.0,768
20260716_agenttrace_closed_loop_sketch_coverage_first_k4_rep7,agenttrace_admission_oracle_v4,trace_derived_simulation,86adc13cec5f5a186ade1082f0fb1da4944533a4,pagarsky/agent-trace: nl2bash_1_7B_20260403T211347Z,https://huggingface.co/datasets/pagarsky/agent-trace,Apache-2.0,250313ae096b0bb8c1986b6f571b68f4ff7617a12026db20214ad84188d12ae5,False,CPU-only; no live vLLM request,closed_loop,sketch,coverage_first,4,False,4,512,7,10,20260716,d8512e165954c41ef73a46a2bc9a57ecef7ea872f987394a4acb4a06702432f5,512,128,128,structural agent-turn replay; Oracle-K is offline diagnosis only; no raw source text and no live latency.,Current,384,0.044270833333333336,0.39885790564671375,188270.0,89966.0,1.0,1.0,1024
20260716_agenttrace_closed_loop_sketch_coverage_first_k8_rep7,agenttrace_admission_oracle_v4,trace_derived_simulation,86adc13cec5f5a186ade1082f0fb1da4944533a4,pagarsky/agent-trace: nl2bash_1_7B_20260403T211347Z,https://huggingface.co/datasets/pagarsky/agent-trace,Apache-2.0,250313ae096b0bb8c1986b6f571b68f4ff7617a12026db20214ad84188d12ae5,False,CPU-only; no live vLLM request,closed_loop,sketch,coverage_first,8,False,4,512,7,10,20260716,d8512e165954c41ef73a46a2bc9a57ecef7ea872f987394a4acb4a06702432f5,512,128,128,structural agent-turn replay; Oracle-K is offline diagnosis only; no raw source text and no live latency.,Current,384,0.06770833333333333,0.39923679811549967,188862.0,90558.0,2.0,2.0,1536
20260716_agenttrace_closed_loop_sketch_coverage_first_k16_rep7,agenttrace_admission_oracle_v4,trace_derived_simulation,86adc13cec5f5a186ade1082f0fb1da4944533a4,pagarsky/agent-trace: nl2bash_1_7B_20260403T211347Z,https://huggingface.co/datasets/pagarsky/agent-trace,Apache-2.0,250313ae096b0bb8c1986b6f571b68f4ff7617a12026db20214ad84188d12ae5,False,CPU-only; no live vLLM request,closed_loop,sketch,coverage_first,16,False,4,512,7,10,20260716,d8512e165954c41ef73a46a2bc9a57ecef7ea872f987394a4acb4a06702432f5,512,128,128,structural agent-turn replay; Oracle-K is offline diagnosis only; no raw source text and no live latency.,Current,384,0.08854166666666667,0.40768880388255224,202115.0,103811.0,2.0,2.0,2560
20260716_agenttrace_closed_loop_sketch_coverage_first_k32_rep7,agenttrace_admission_oracle_v4,trace_derived_simulation,86adc13cec5f5a186ade1082f0fb1da4944533a4,pagarsky/agent-trace: nl2bash_1_7B_20260403T211347Z,https://huggingface.co/datasets/pagarsky/agent-trace,Apache-2.0,250313ae096b0bb8c1986b6f571b68f4ff7617a12026db20214ad84188d12ae5,False,CPU-only; no live vLLM request,closed_loop,sketch,coverage_first,32,False,4,512,7,10,20260716,d8512e165954c41ef73a46a2bc9a57ecef7ea872f987394a4acb4a06702432f5,512,128,128,structural agent-turn replay; Oracle-K is offline diagnosis only; no raw source text and no live latency.,Current,384,0.11458333333333333,0.4115675926406305,207166.0,108862.0,2.0,2.0,4608
20260716_agenttrace_closed_loop_sketch_coverage_first_k64_rep7,agenttrace_admission_oracle_v4,trace_derived_simulation,86adc13cec5f5a186ade1082f0fb1da4944533a4,pagarsky/agent-trace: nl2bash_1_7B_20260403T211347Z,https://huggingface.co/datasets/pagarsky/agent-trace,Apache-2.0,250313ae096b0bb8c1986b6f571b68f4ff7617a12026db20214ad84188d12ae5,False,CPU-only; no live vLLM request,closed_loop,sketch,coverage_first,64,False,4,512,7,10,20260716,d8512e165954c41ef73a46a2bc9a57ecef7ea872f987394a4acb4a06702432f5,512,128,128,structural agent-turn replay; Oracle-K is offline diagnosis only; no raw source text and no live latency.,Current,384,0.11979166666666667,0.4121480624078831,208079.0,109775.0,2.0,2.0,8704
20260716_agenttrace_closed_loop_sketch_coverage_first_k128_rep7,agenttrace_admission_oracle_v4,trace_derived_simulation,86adc13cec5f5a186ade1082f0fb1da4944533a4,pagarsky/agent-trace: nl2bash_1_7B_20260403T211347Z,https://huggingface.co/datasets/pagarsky/agent-trace,Apache-2.0,250313ae096b0bb8c1986b6f571b68f4ff7617a12026db20214ad84188d12ae5,False,CPU-only; no live vLLM request,closed_loop,sketch,coverage_first,128,False,4,512,7,10,20260716,d8512e165954c41ef73a46a2bc9a57ecef7ea872f987394a4acb4a06702432f5,512,128,128,structural agent-turn replay; Oracle-K is offline diagnosis only; no raw source text and no live latency.,Current,384,0.11979166666666667,0.4121480624078831,208079.0,109775.0,3.0,3.0,16896
20260716_agenttrace_closed_loop_sketch_saved_prefill_first_k2_rep7,agenttrace_admission_oracle_v4,trace_derived_simulation,86adc13cec5f5a186ade1082f0fb1da4944533a4,pagarsky/agent-trace: nl2bash_1_7B_20260403T211347Z,https://huggingface.co/datasets/pagarsky/agent-trace,Apache-2.0,250313ae096b0bb8c1986b6f571b68f4ff7617a12026db20214ad84188d12ae5,False,CPU-only; no live vLLM request,closed_loop,sketch,saved_prefill_first,2,False,4,512,7,10,20260716,d8512e165954c41ef73a46a2bc9a57ecef7ea872f987394a4acb4a06702432f5,512,128,128,structural agent-turn replay; Oracle-K is offline diagnosis only; no raw source text and no live latency.,Current,384,0.0026041666666666665,0.38518340961689423,167153.0,68849.0,3.0,3.0,768
20260716_agenttrace_closed_loop_sketch_saved_prefill_first_k4_rep7,agenttrace_admission_oracle_v4,trace_derived_simulation,86adc13cec5f5a186ade1082f0fb1da4944533a4,pagarsky/agent-trace: nl2bash_1_7B_20260403T211347Z,https://huggingface.co/datasets/pagarsky/agent-trace,Apache-2.0,250313ae096b0bb8c1986b6f571b68f4ff7617a12026db20214ad84188d12ae5,False,CPU-only; no live vLLM request,closed_loop,sketch,saved_prefill_first,4,False,4,512,7,10,20260716,d8512e165954c41ef73a46a2bc9a57ecef7ea872f987394a4acb4a06702432f5,512,128,128,structural agent-turn replay; Oracle-K is offline diagnosis only; no raw source text and no live latency.,Current,384,0.020833333333333332,0.38628778523905194,168939.0,70635.0,3.0,3.0,1024
20260716_agenttrace_closed_loop_sketch_saved_prefill_first_k8_rep7,agenttrace_admission_oracle_v4,trace_derived_simulation,86adc13cec5f5a186ade1082f0fb1da4944533a4,pagarsky/agent-trace: nl2bash_1_7B_20260403T211347Z,https://huggingface.co/datasets/pagarsky/agent-trace,Apache-2.0,250313ae096b0bb8c1986b6f571b68f4ff7617a12026db20214ad84188d12ae5,False,CPU-only; no live vLLM request,closed_loop,sketch,saved_prefill_first,8,False,4,512,7,10,20260716,d8512e165954c41ef73a46a2bc9a57ecef7ea872f987394a4acb4a06702432f5,512,128,128,structural agent-turn replay; Oracle-K is offline diagnosis only; no raw source text and no live latency.,Current,384,0.03125,0.38965743449035406,174239.0,75935.0,3.0,3.0,1536
20260716_agenttrace_closed_loop_sketch_saved_prefill_first_k16_rep7,agenttrace_admission_oracle_v4,trace_derived_simulation,86adc13cec5f5a186ade1082f0fb1da4944533a4,pagarsky/agent-trace: nl2bash_1_7B_20260403T211347Z,https://huggingface.co/datasets/pagarsky/agent-trace,Apache-2.0,250313ae096b0bb8c1986b6f571b68f4ff7617a12026db20214ad84188d12ae5,False,CPU-only; no live vLLM request,closed_loop,sketch,saved_prefill_first,16,False,4,512,7,10,20260716,d8512e165954c41ef73a46a2bc9a57ecef7ea872f987394a4acb4a06702432f5,512,128,128,structural agent-turn replay; Oracle-K is offline diagnosis only; no raw source text and no live latency.,Current,384,0.0390625,0.38853215591445495,172683.0,74379.0,3.0,3.0,2560
20260716_agenttrace_closed_loop_sketch_saved_prefill_first_k32_rep7,agenttrace_admission_oracle_v4,trace_derived_simulation,86adc13cec5f5a186ade1082f0fb1da4944533a4,pagarsky/agent-trace: nl2bash_1_7B_20260403T211347Z,https://huggingface.co/datasets/pagarsky/agent-trace,Apache-2.0,250313ae096b0bb8c1986b6f571b68f4ff7617a12026db20214ad84188d12ae5,False,CPU-only; no live vLLM request,closed_loop,sketch,saved_prefill_first,32,False,4,512,7,10,20260716,d8512e165954c41ef73a46a2bc9a57ecef7ea872f987394a4acb4a06702432f5,512,128,128,structural agent-turn replay; Oracle-K is offline diagnosis only; no raw source text and no live latency.,Current,384,0.0546875,0.39331583005759163,179812.0,81508.0,3.0,3.0,4608
20260716_agenttrace_closed_loop_sketch_saved_prefill_first_k64_rep7,agenttrace_admission_oracle_v4,trace_derived_simulation,86adc13cec5f5a186ade1082f0fb1da4944533a4,pagarsky/agent-trace: nl2bash_1_7B_20260403T211347Z,https://huggingface.co/datasets/pagarsky/agent-trace,Apache-2.0,250313ae096b0bb8c1986b6f571b68f4ff7617a12026db20214ad84188d12ae5,False,CPU-only; no live vLLM request,closed_loop,sketch,saved_prefill_first,64,False,4,512,7,10,20260716,d8512e165954c41ef73a46a2bc9a57ecef7ea872f987394a4acb4a06702432f5,512,128,128,structural agent-turn replay; Oracle-K is offline diagnosis only; no raw source text and no live latency.,Current,384,0.109375,0.41088031134994035,206085.0,107781.0,3.0,3.0,8704
20260716_agenttrace_closed_loop_sketch_saved_prefill_first_k128_rep7,agenttrace_admission_oracle_v4,trace_derived_simulation,86adc13cec5f5a186ade1082f0fb1da4944533a4,pagarsky/agent-trace: nl2bash_1_7B_20260403T211347Z,https://huggingface.co/datasets/pagarsky/agent-trace,Apache-2.0,250313ae096b0bb8c1986b6f571b68f4ff7617a12026db20214ad84188d12ae5,False,CPU-only; no live vLLM request,closed_loop,sketch,saved_prefill_first,128,False,4,512,7,10,20260716,d8512e165954c41ef73a46a2bc9a57ecef7ea872f987394a4acb4a06702432f5,512,128,128,structural agent-turn replay; Oracle-K is offline diagnosis only; no raw source text and no live latency.,Current,384,0.11979166666666667,0.4121480624078831,208079.0,109775.0,3.0,3.0,16896
20260716_agenttrace_closed_loop_sketch_reuse_distance_k2_rep7,agenttrace_admission_oracle_v4,trace_derived_simulation,86adc13cec5f5a186ade1082f0fb1da4944533a4,pagarsky/agent-trace: nl2bash_1_7B_20260403T211347Z,https://huggingface.co/datasets/pagarsky/agent-trace,Apache-2.0,250313ae096b0bb8c1986b6f571b68f4ff7617a12026db20214ad84188d12ae5,False,CPU-only; no live vLLM request,closed_loop,sketch,reuse_distance,2,False,4,512,7,10,20260716,d8512e165954c41ef73a46a2bc9a57ecef7ea872f987394a4acb4a06702432f5,512,128,128,structural agent-turn replay; Oracle-K is offline diagnosis only; no raw source text and no live latency.,Current,384,0.018229166666666668,0.3879605299900285,171570.0,73266.0,1.0,1.0,768
20260716_agenttrace_closed_loop_sketch_reuse_distance_k4_rep7,agenttrace_admission_oracle_v4,trace_derived_simulation,86adc13cec5f5a186ade1082f0fb1da4944533a4,pagarsky/agent-trace: nl2bash_1_7B_20260403T211347Z,https://huggingface.co/datasets/pagarsky/agent-trace,Apache-2.0,250313ae096b0bb8c1986b6f571b68f4ff7617a12026db20214ad84188d12ae5,False,CPU-only; no live vLLM request,closed_loop,sketch,reuse_distance,4,False,4,512,7,10,20260716,d8512e165954c41ef73a46a2bc9a57ecef7ea872f987394a4acb4a06702432f5,512,128,128,structural agent-turn replay; Oracle-K is offline diagnosis only; no raw source text and no live latency.,Current,384,0.03125,0.38852828409972906,172463.0,74159.0,1.0,1.0,1024
20260716_agenttrace_closed_loop_sketch_reuse_distance_k8_rep7,agenttrace_admission_oracle_v4,trace_derived_simulation,86adc13cec5f5a186ade1082f0fb1da4944533a4,pagarsky/agent-trace: nl2bash_1_7B_20260403T211347Z,https://huggingface.co/datasets/pagarsky/agent-trace,Apache-2.0,250313ae096b0bb8c1986b6f571b68f4ff7617a12026db20214ad84188d12ae5,False,CPU-only; no live vLLM request,closed_loop,sketch,reuse_distance,8,False,4,512,7,10,20260716,d8512e165954c41ef73a46a2bc9a57ecef7ea872f987394a4acb4a06702432f5,512,128,128,structural agent-turn replay; Oracle-K is offline diagnosis only; no raw source text and no live latency.,Current,384,0.036458333333333336,0.38743733779922057,170961.0,72657.0,1.0,1.0,1536
20260716_agenttrace_closed_loop_sketch_reuse_distance_k16_rep7,agenttrace_admission_oracle_v4,trace_derived_simulation,86adc13cec5f5a186ade1082f0fb1da4944533a4,pagarsky/agent-trace: nl2bash_1_7B_20260403T211347Z,https://huggingface.co/datasets/pagarsky/agent-trace,Apache-2.0,250313ae096b0bb8c1986b6f571b68f4ff7617a12026db20214ad84188d12ae5,False,CPU-only; no live vLLM request,closed_loop,sketch,reuse_distance,16,False,4,512,7,10,20260716,d8512e165954c41ef73a46a2bc9a57ecef7ea872f987394a4acb4a06702432f5,512,128,128,structural agent-turn replay; Oracle-K is offline diagnosis only; no raw source text and no live latency.,Current,384,0.036458333333333336,0.38743733779922057,170961.0,72657.0,3.0,3.0,2560
20260716_agenttrace_closed_loop_sketch_reuse_distance_k32_rep7,agenttrace_admission_oracle_v4,trace_derived_simulation,86adc13cec5f5a186ade1082f0fb1da4944533a4,pagarsky/agent-trace: nl2bash_1_7B_20260403T211347Z,https://huggingface.co/datasets/pagarsky/agent-trace,Apache-2.0,250313ae096b0bb8c1986b6f571b68f4ff7617a12026db20214ad84188d12ae5,False,CPU-only; no live vLLM request,closed_loop,sketch,reuse_distance,32,False,4,512,7,10,20260716,d8512e165954c41ef73a46a2bc9a57ecef7ea872f987394a4acb4a06702432f5,512,128,128,structural agent-turn replay; Oracle-K is offline diagnosis only; no raw source text and no live latency.,Current,384,0.0546875,0.39331583005759163,179812.0,81508.0,3.0,3.0,4608
20260716_agenttrace_closed_loop_sketch_reuse_distance_k64_rep7,agenttrace_admission_oracle_v4,trace_derived_simulation,86adc13cec5f5a186ade1082f0fb1da4944533a4,pagarsky/agent-trace: nl2bash_1_7B_20260403T211347Z,https://huggingface.co/datasets/pagarsky/agent-trace,Apache-2.0,250313ae096b0bb8c1986b6f571b68f4ff7617a12026db20214ad84188d12ae5,False,CPU-only; no live vLLM request,closed_loop,sketch,reuse_distance,64,False,4,512,7,10,20260716,d8512e165954c41ef73a46a2bc9a57ecef7ea872f987394a4acb4a06702432f5,512,128,128,structural agent-turn replay; Oracle-K is offline diagnosis only; no raw source text and no live latency.,Current,384,0.109375,0.41088031134994035,206085.0,107781.0,3.0,3.0,8704
20260716_agenttrace_closed_loop_sketch_reuse_distance_k128_rep7,agenttrace_admission_oracle_v4,trace_derived_simulation,86adc13cec5f5a186ade1082f0fb1da4944533a4,pagarsky/agent-trace: nl2bash_1_7B_20260403T211347Z,https://huggingface.co/datasets/pagarsky/agent-trace,Apache-2.0,250313ae096b0bb8c1986b6f571b68f4ff7617a12026db20214ad84188d12ae5,False,CPU-only; no live vLLM request,closed_loop,sketch,reuse_distance,128,False,4,512,7,10,20260716,d8512e165954c41ef73a46a2bc9a57ecef7ea872f987394a4acb4a06702432f5,512,128,128,structural agent-turn replay; Oracle-K is offline diagnosis only; no raw source text and no live latency.,Current,384,0.11979166666666667,0.4121480624078831,208079.0,109775.0,3.0,3.0,16896
20260716_agenttrace_closed_loop_sketch_oracle_future_value_k2_rep7,agenttrace_admission_oracle_v4,trace_derived_simulation,86adc13cec5f5a186ade1082f0fb1da4944533a4,pagarsky/agent-trace: nl2bash_1_7B_20260403T211347Z,https://huggingface.co/datasets/pagarsky/agent-trace,Apache-2.0,250313ae096b0bb8c1986b6f571b68f4ff7617a12026db20214ad84188d12ae5,False,CPU-only; no live vLLM request,closed_loop,sketch,oracle_future_value,2,True,4,512,7,10,20260716,d8512e165954c41ef73a46a2bc9a57ecef7ea872f987394a4acb4a06702432f5,512,128,128,structural agent-turn replay; Oracle-K is offline diagnosis only; no raw source text and no live latency.,UpperBoundOnly,384,0.052083333333333336,0.39998752211409005,190397.0,92093.0,2.0,2.0,768
20260716_agenttrace_closed_loop_sketch_oracle_future_value_k4_rep7,agenttrace_admission_oracle_v4,trace_derived_simulation,86adc13cec5f5a186ade1082f0fb1da4944533a4,pagarsky/agent-trace: nl2bash_1_7B_20260403T211347Z,https://huggingface.co/datasets/pagarsky/agent-trace,Apache-2.0,250313ae096b0bb8c1986b6f571b68f4ff7617a12026db20214ad84188d12ae5,False,CPU-only; no live vLLM request,closed_loop,sketch,oracle_future_value,4,True,4,512,7,10,20260716,d8512e165954c41ef73a46a2bc9a57ecef7ea872f987394a4acb4a06702432f5,512,128,128,structural agent-turn replay; Oracle-K is offline diagnosis only; no raw source text and no live latency.,UpperBoundOnly,384,0.0703125,0.4021676653734377,193431.0,95127.0,2.0,2.0,1024
20260716_agenttrace_closed_loop_sketch_oracle_future_value_k8_rep7,agenttrace_admission_oracle_v4,trace_derived_simulation,86adc13cec5f5a186ade1082f0fb1da4944533a4,pagarsky/agent-trace: nl2bash_1_7B_20260403T211347Z,https://huggingface.co/datasets/pagarsky/agent-trace,Apache-2.0,250313ae096b0bb8c1986b6f571b68f4ff7617a12026db20214ad84188d12ae5,False,CPU-only; no live vLLM request,closed_loop,sketch,oracle_future_value,8,True,4,512,7,10,20260716,d8512e165954c41ef73a46a2bc9a57ecef7ea872f987394a4acb4a06702432f5,512,128,128,structural agent-turn replay; Oracle-K is offline diagnosis only; no raw source text and no live latency.,UpperBoundOnly,384,0.09375,0.4097481046231122,205354.0,107050.0,2.0,2.0,1536
20260716_agenttrace_closed_loop_sketch_oracle_future_value_k16_rep7,agenttrace_admission_oracle_v4,trace_derived_simulation,86adc13cec5f5a186ade1082f0fb1da4944533a4,pagarsky/agent-trace: nl2bash_1_7B_20260403T211347Z,https://huggingface.co/datasets/pagarsky/agent-trace,Apache-2.0,250313ae096b0bb8c1986b6f571b68f4ff7617a12026db20214ad84188d12ae5,False,CPU-only; no live vLLM request,closed_loop,sketch,oracle_future_value,16,True,4,512,7,10,20260716,d8512e165954c41ef73a46a2bc9a57ecef7ea872f987394a4acb4a06702432f5,512,128,128,structural agent-turn replay; Oracle-K is offline diagnosis only; no raw source text and no live latency.,UpperBoundOnly,384,0.1171875,0.41064545170849803,206753.0,108449.0,2.0,2.0,2560
20260716_agenttrace_closed_loop_sketch_oracle_future_value_k32_rep7,agenttrace_admission_oracle_v4,trace_derived_simulation,86adc13cec5f5a186ade1082f0fb1da4944533a4,pagarsky/agent-trace: nl2bash_1_7B_20260403T211347Z,https://huggingface.co/datasets/pagarsky/agent-trace,Apache-2.0,250313ae096b0bb8c1986b6f571b68f4ff7617a12026db20214ad84188d12ae5,False,CPU-only; no live vLLM request,closed_loop,sketch,oracle_future_value,32,True,4,512,7,10,20260716,d8512e165954c41ef73a46a2bc9a57ecef7ea872f987394a4acb4a06702432f5,512,128,128,structural agent-turn replay; Oracle-K is offline diagnosis only; no raw source text and no live latency.,UpperBoundOnly,384,0.11979166666666667,0.4121480624078831,208079.0,109775.0,2.0,2.0,4608
20260716_agenttrace_closed_loop_sketch_oracle_future_value_k64_rep7,agenttrace_admission_oracle_v4,trace_derived_simulation,86adc13cec5f5a186ade1082f0fb1da4944533a4,pagarsky/agent-trace: nl2bash_1_7B_20260403T211347Z,https://huggingface.co/datasets/pagarsky/agent-trace,Apache-2.0,250313ae096b0bb8c1986b6f571b68f4ff7617a12026db20214ad84188d12ae5,False,CPU-only; no live vLLM request,closed_loop,sketch,oracle_future_value,64,True,4,512,7,10,20260716,d8512e165954c41ef73a46a2bc9a57ecef7ea872f987394a4acb4a06702432f5,512,128,128,structural agent-turn replay; Oracle-K is offline diagnosis only; no raw source text and no live latency.,UpperBoundOnly,384,0.11979166666666667,0.4121480624078831,208079.0,109775.0,3.0,3.0,8704
20260716_agenttrace_closed_loop_sketch_oracle_future_value_k128_rep7,agenttrace_admission_oracle_v4,trace_derived_simulation,86adc13cec5f5a186ade1082f0fb1da4944533a4,pagarsky/agent-trace: nl2bash_1_7B_20260403T211347Z,https://huggingface.co/datasets/pagarsky/agent-trace,Apache-2.0,250313ae096b0bb8c1986b6f571b68f4ff7617a12026db20214ad84188d12ae5,False,CPU-only; no live vLLM request,closed_loop,sketch,oracle_future_value,128,True,4,512,7,10,20260716,d8512e165954c41ef73a46a2bc9a57ecef7ea872f987394a4acb4a06702432f5,512,128,128,structural agent-turn replay; Oracle-K is offline diagnosis only; no raw source text and no live latency.,UpperBoundOnly,384,0.11979166666666667,0.4121480624078831,208079.0,109775.0,3.0,3.0,16896
20260716_agenttrace_frozen_load_only_kinf_rep8,agenttrace_admission_oracle_v4,trace_derived_simulation,86adc13cec5f5a186ade1082f0fb1da4944533a4,pagarsky/agent-trace: nl2bash_1_7B_20260403T211347Z,https://huggingface.co/datasets/pagarsky/agent-trace,Apache-2.0,250313ae096b0bb8c1986b6f571b68f4ff7617a12026db20214ad84188d12ae5,False,CPU-only; no live vLLM request,frozen,load_only,none,inf,False,4,512,8,10,20260716,eaa15ded1a7793cfc70e1f55234842745030d0e5f9d40c1a476069fdb5fea6c9,512,128,128,structural agent-turn replay; Oracle-K is offline diagnosis only; no raw source text and no live latency.,Current,384,0.0,0.33131055343208693,106684.0,8380.0,0.0,0.0,384
20260716_agenttrace_frozen_exact_kinf_rep8,agenttrace_admission_oracle_v4,trace_derived_simulation,86adc13cec5f5a186ade1082f0fb1da4944533a4,pagarsky/agent-trace: nl2bash_1_7B_20260403T211347Z,https://huggingface.co/datasets/pagarsky/agent-trace,Apache-2.0,250313ae096b0bb8c1986b6f571b68f4ff7617a12026db20214ad84188d12ae5,False,CPU-only; no live vLLM request,frozen,exact,exact,inf,False,4,512,8,10,20260716,eaa15ded1a7793cfc70e1f55234842745030d0e5f9d40c1a476069fdb5fea6c9,512,128,128,structural agent-turn replay; Oracle-K is offline diagnosis only; no raw source text and no live latency.,Current,384,1.0,0.3484519163859498,126112.0,27808.0,4.0,4.0,10432
20260716_agenttrace_frozen_sketch_lru_k2_rep8,agenttrace_admission_oracle_v4,trace_derived_simulation,86adc13cec5f5a186ade1082f0fb1da4944533a4,pagarsky/agent-trace: nl2bash_1_7B_20260403T211347Z,https://huggingface.co/datasets/pagarsky/agent-trace,Apache-2.0,250313ae096b0bb8c1986b6f571b68f4ff7617a12026db20214ad84188d12ae5,False,CPU-only; no live vLLM request,frozen,sketch,lru,2,False,4,512,8,10,20260716,eaa15ded1a7793cfc70e1f55234842745030d0e5f9d40c1a476069fdb5fea6c9,512,128,128,structural agent-turn replay; Oracle-K is offline diagnosis only; no raw source text and no live latency.,Current,384,0.0,0.32897342672125696,102847.0,4543.0,0.0,0.0,896
20260716_agenttrace_frozen_sketch_lru_k4_rep8,agenttrace_admission_oracle_v4,trace_derived_simulation,86adc13cec5f5a186ade1082f0fb1da4944533a4,pagarsky/agent-trace: nl2bash_1_7B_20260403T211347Z,https://huggingface.co/datasets/pagarsky/agent-trace,Apache-2.0,250313ae096b0bb8c1986b6f571b68f4ff7617a12026db20214ad84188d12ae5,False,CPU-only; no live vLLM request,frozen,sketch,lru,4,False,4,512,8,10,20260716,eaa15ded1a7793cfc70e1f55234842745030d0e5f9d40c1a476069fdb5fea6c9,512,128,128,structural agent-turn replay; Oracle-K is offline diagnosis only; no raw source text and no live latency.,Current,384,0.010416666666666666,0.33895722090331654,117386.0,19082.0,0.0,0.0,1408
20260716_agenttrace_frozen_sketch_lru_k8_rep8,agenttrace_admission_oracle_v4,trace_derived_simulation,86adc13cec5f5a186ade1082f0fb1da4944533a4,pagarsky/agent-trace: nl2bash_1_7B_20260403T211347Z,https://huggingface.co/datasets/pagarsky/agent-trace,Apache-2.0,250313ae096b0bb8c1986b6f571b68f4ff7617a12026db20214ad84188d12ae5,False,CPU-only; no live vLLM request,frozen,sketch,lru,8,False,4,512,8,10,20260716,eaa15ded1a7793cfc70e1f55234842745030d0e5f9d40c1a476069fdb5fea6c9,512,128,128,structural agent-turn replay; Oracle-K is offline diagnosis only; no raw source text and no live latency.,Current,384,0.020833333333333332,0.3400683769579072,120191.0,21887.0,1.0,1.0,2432
20260716_agenttrace_frozen_sketch_lru_k16_rep8,agenttrace_admission_oracle_v4,trace_derived_simulation,86adc13cec5f5a186ade1082f0fb1da4944533a4,pagarsky/agent-trace: nl2bash_1_7B_20260403T211347Z,https://huggingface.co/datasets/pagarsky/agent-trace,Apache-2.0,250313ae096b0bb8c1986b6f571b68f4ff7617a12026db20214ad84188d12ae5,False,CPU-only; no live vLLM request,frozen,sketch,lru,16,False,4,512,8,10,20260716,eaa15ded1a7793cfc70e1f55234842745030d0e5f9d40c1a476069fdb5fea6c9,512,128,128,structural agent-turn replay; Oracle-K is offline diagnosis only; no raw source text and no live latency.,Current,384,0.0234375,0.3419166516080345,121432.0,23128.0,1.0,1.0,4480
20260716_agenttrace_frozen_sketch_lru_k32_rep8,agenttrace_admission_oracle_v4,trace_derived_simulation,86adc13cec5f5a186ade1082f0fb1da4944533a4,pagarsky/agent-trace: nl2bash_1_7B_20260403T211347Z,https://huggingface.co/datasets/pagarsky/agent-trace,Apache-2.0,250313ae096b0bb8c1986b6f571b68f4ff7617a12026db20214ad84188d12ae5,False,CPU-only; no live vLLM request,frozen,sketch,lru,32,False,4,512,8,10,20260716,eaa15ded1a7793cfc70e1f55234842745030d0e5f9d40c1a476069fdb5fea6c9,512,128,128,structural agent-turn replay; Oracle-K is offline diagnosis only; no raw source text and no live latency.,Current,384,0.0234375,0.3413121334302801,120806.0,22502.0,1.0,1.0,8576
20260716_agenttrace_frozen_sketch_lru_k64_rep8,agenttrace_admission_oracle_v4,trace_derived_simulation,86adc13cec5f5a186ade1082f0fb1da4944533a4,pagarsky/agent-trace: nl2bash_1_7B_20260403T211347Z,https://huggingface.co/datasets/pagarsky/agent-trace,Apache-2.0,250313ae096b0bb8c1986b6f571b68f4ff7617a12026db20214ad84188d12ae5,False,CPU-only; no live vLLM request,frozen,sketch,lru,64,False,4,512,8,10,20260716,eaa15ded1a7793cfc70e1f55234842745030d0e5f9d40c1a476069fdb5fea6c9,512,128,128,structural agent-turn replay; Oracle-K is offline diagnosis only; no raw source text and no live latency.,Current,384,0.0234375,0.3419530354903747,121260.0,22956.0,4.0,4.0,10432
20260716_agenttrace_frozen_sketch_lru_k128_rep8,agenttrace_admission_oracle_v4,trace_derived_simulation,86adc13cec5f5a186ade1082f0fb1da4944533a4,pagarsky/agent-trace: nl2bash_1_7B_20260403T211347Z,https://huggingface.co/datasets/pagarsky/agent-trace,Apache-2.0,250313ae096b0bb8c1986b6f571b68f4ff7617a12026db20214ad84188d12ae5,False,CPU-only; no live vLLM request,frozen,sketch,lru,128,False,4,512,8,10,20260716,eaa15ded1a7793cfc70e1f55234842745030d0e5f9d40c1a476069fdb5fea6c9,512,128,128,structural agent-turn replay; Oracle-K is offline diagnosis only; no raw source text and no live latency.,Current,384,0.0234375,0.3419530354903747,121260.0,22956.0,4.0,4.0,10432
20260716_agenttrace_frozen_sketch_lfu_k2_rep8,agenttrace_admission_oracle_v4,trace_derived_simulation,86adc13cec5f5a186ade1082f0fb1da4944533a4,pagarsky/agent-trace: nl2bash_1_7B_20260403T211347Z,https://huggingface.co/datasets/pagarsky/agent-trace,Apache-2.0,250313ae096b0bb8c1986b6f571b68f4ff7617a12026db20214ad84188d12ae5,False,CPU-only; no live vLLM request,frozen,sketch,lfu,2,False,4,512,8,10,20260716,eaa15ded1a7793cfc70e1f55234842745030d0e5f9d40c1a476069fdb5fea6c9,512,128,128,structural agent-turn replay; Oracle-K is offline diagnosis only; no raw source text and no live latency.,Current,384,0.0,0.3281527500796145,100765.0,2461.0,4.0,4.0,896
20260716_agenttrace_frozen_sketch_lfu_k4_rep8,agenttrace_admission_oracle_v4,trace_derived_simulation,86adc13cec5f5a186ade1082f0fb1da4944533a4,pagarsky/agent-trace: nl2bash_1_7B_20260403T211347Z,https://huggingface.co/datasets/pagarsky/agent-trace,Apache-2.0,250313ae096b0bb8c1986b6f571b68f4ff7617a12026db20214ad84188d12ae5,False,CPU-only; no live vLLM request,frozen,sketch,lfu,4,False,4,512,8,10,20260716,eaa15ded1a7793cfc70e1f55234842745030d0e5f9d40c1a476069fdb5fea6c9,512,128,128,structural agent-turn replay; Oracle-K is offline diagnosis only; no raw source text and no live latency.,Current,384,0.0,0.3281527500796145,100765.0,2461.0,4.0,4.0,1408
20260716_agenttrace_frozen_sketch_lfu_k8_rep8,agenttrace_admission_oracle_v4,trace_derived_simulation,86adc13cec5f5a186ade1082f0fb1da4944533a4,pagarsky/agent-trace: nl2bash_1_7B_20260403T211347Z,https://huggingface.co/datasets/pagarsky/agent-trace,Apache-2.0,250313ae096b0bb8c1986b6f571b68f4ff7617a12026db20214ad84188d12ae5,False,CPU-only; no live vLLM request,frozen,sketch,lfu,8,False,4,512,8,10,20260716,eaa15ded1a7793cfc70e1f55234842745030d0e5f9d40c1a476069fdb5fea6c9,512,128,128,structural agent-turn replay; Oracle-K is offline diagnosis only; no raw source text and no live latency.,Current,384,0.0,0.3281527500796145,100765.0,2461.0,4.0,4.0,2432
20260716_agenttrace_frozen_sketch_lfu_k16_rep8,agenttrace_admission_oracle_v4,trace_derived_simulation,86adc13cec5f5a186ade1082f0fb1da4944533a4,pagarsky/agent-trace: nl2bash_1_7B_20260403T211347Z,https://huggingface.co/datasets/pagarsky/agent-trace,Apache-2.0,250313ae096b0bb8c1986b6f571b68f4ff7617a12026db20214ad84188d12ae5,False,CPU-only; no live vLLM request,frozen,sketch,lfu,16,False,4,512,8,10,20260716,eaa15ded1a7793cfc70e1f55234842745030d0e5f9d40c1a476069fdb5fea6c9,512,128,128,structural agent-turn replay; Oracle-K is offline diagnosis only; no raw source text and no live latency.,Current,384,0.013020833333333334,0.3371545213396977,114188.0,15884.0,4.0,4.0,4480
20260716_agenttrace_frozen_sketch_lfu_k32_rep8,agenttrace_admission_oracle_v4,trace_derived_simulation,86adc13cec5f5a186ade1082f0fb1da4944533a4,pagarsky/agent-trace: nl2bash_1_7B_20260403T211347Z,https://huggingface.co/datasets/pagarsky/agent-trace,Apache-2.0,250313ae096b0bb8c1986b6f571b68f4ff7617a12026db20214ad84188d12ae5,False,CPU-only; no live vLLM request,frozen,sketch,lfu,32,False,4,512,8,10,20260716,eaa15ded1a7793cfc70e1f55234842745030d0e5f9d40c1a476069fdb5fea6c9,512,128,128,structural agent-turn replay; Oracle-K is offline diagnosis only; no raw source text and no live latency.,Current,384,0.0234375,0.3419530354903747,121260.0,22956.0,4.0,4.0,8576
20260716_agenttrace_frozen_sketch_lfu_k64_rep8,agenttrace_admission_oracle_v4,trace_derived_simulation,86adc13cec5f5a186ade1082f0fb1da4944533a4,pagarsky/agent-trace: nl2bash_1_7B_20260403T211347Z,https://huggingface.co/datasets/pagarsky/agent-trace,Apache-2.0,250313ae096b0bb8c1986b6f571b68f4ff7617a12026db20214ad84188d12ae5,False,CPU-only; no live vLLM request,frozen,sketch,lfu,64,False,4,512,8,10,20260716,eaa15ded1a7793cfc70e1f55234842745030d0e5f9d40c1a476069fdb5fea6c9,512,128,128,structural agent-turn replay; Oracle-K is offline diagnosis only; no raw source text and no live latency.,Current,384,0.0234375,0.3419530354903747,121260.0,22956.0,4.0,4.0,10432
20260716_agenttrace_frozen_sketch_lfu_k128_rep8,agenttrace_admission_oracle_v4,trace_derived_simulation,86adc13cec5f5a186ade1082f0fb1da4944533a4,pagarsky/agent-trace: nl2bash_1_7B_20260403T211347Z,https://huggingface.co/datasets/pagarsky/agent-trace,Apache-2.0,250313ae096b0bb8c1986b6f571b68f4ff7617a12026db20214ad84188d12ae5,False,CPU-only; no live vLLM request,frozen,sketch,lfu,128,False,4,512,8,10,20260716,eaa15ded1a7793cfc70e1f55234842745030d0e5f9d40c1a476069fdb5fea6c9,512,128,128,structural agent-turn replay; Oracle-K is offline diagnosis only; no raw source text and no live latency.,Current,384,0.0234375,0.3419530354903747,121260.0,22956.0,4.0,4.0,10432
20260716_agenttrace_frozen_sketch_coverage_first_k2_rep8,agenttrace_admission_oracle_v4,trace_derived_simulation,86adc13cec5f5a186ade1082f0fb1da4944533a4,pagarsky/agent-trace: nl2bash_1_7B_20260403T211347Z,https://huggingface.co/datasets/pagarsky/agent-trace,Apache-2.0,250313ae096b0bb8c1986b6f571b68f4ff7617a12026db20214ad84188d12ae5,False,CPU-only; no live vLLM request,frozen,sketch,coverage_first,2,False,4,512,8,10,20260716,eaa15ded1a7793cfc70e1f55234842745030d0e5f9d40c1a476069fdb5fea6c9,512,128,128,structural agent-turn replay; Oracle-K is offline diagnosis only; no raw source text and no live latency.,Current,384,0.0234375,0.3408177144172265,120604.0,22300.0,0.0,0.0,896
20260716_agenttrace_frozen_sketch_coverage_first_k4_rep8,agenttrace_admission_oracle_v4,trace_derived_simulation,86adc13cec5f5a186ade1082f0fb1da4944533a4,pagarsky/agent-trace: nl2bash_1_7B_20260403T211347Z,https://huggingface.co/datasets/pagarsky/agent-trace,Apache-2.0,250313ae096b0bb8c1986b6f571b68f4ff7617a12026db20214ad84188d12ae5,False,CPU-only; no live vLLM request,frozen,sketch,coverage_first,4,False,4,512,8,10,20260716,eaa15ded1a7793cfc70e1f55234842745030d0e5f9d40c1a476069fdb5fea6c9,512,128,128,structural agent-turn replay; Oracle-K is offline diagnosis only; no raw source text and no live latency.,Current,384,0.0234375,0.3401921050528437,120302.0,21998.0,1.0,1.0,1408
20260716_agenttrace_frozen_sketch_coverage_first_k8_rep8,agenttrace_admission_oracle_v4,trace_derived_simulation,86adc13cec5f5a186ade1082f0fb1da4944533a4,pagarsky/agent-trace: nl2bash_1_7B_20260403T211347Z,https://huggingface.co/datasets/pagarsky/agent-trace,Apache-2.0,250313ae096b0bb8c1986b6f571b68f4ff7617a12026db20214ad84188d12ae5,False,CPU-only; no live vLLM request,frozen,sketch,coverage_first,8,False,4,512,8,10,20260716,eaa15ded1a7793cfc70e1f55234842745030d0e5f9d40c1a476069fdb5fea6c9,512,128,128,structural agent-turn replay; Oracle-K is offline diagnosis only; no raw source text and no live latency.,Current,384,0.0234375,0.3408287104579756,120725.0,22421.0,1.0,1.0,2432
20260716_agenttrace_frozen_sketch_coverage_first_k16_rep8,agenttrace_admission_oracle_v4,trace_derived_simulation,86adc13cec5f5a186ade1082f0fb1da4944533a4,pagarsky/agent-trace: nl2bash_1_7B_20260403T211347Z,https://huggingface.co/datasets/pagarsky/agent-trace,Apache-2.0,250313ae096b0bb8c1986b6f571b68f4ff7617a12026db20214ad84188d12ae5,False,CPU-only; no live vLLM request,frozen,sketch,coverage_first,16,False,4,512,8,10,20260716,eaa15ded1a7793cfc70e1f55234842745030d0e5f9d40c1a476069fdb5fea6c9,512,128,128,structural agent-turn replay; Oracle-K is offline diagnosis only; no raw source text and no live latency.,Current,384,0.0234375,0.3416562655555505,121232.0,22928.0,1.0,1.0,4480
20260716_agenttrace_frozen_sketch_coverage_first_k32_rep8,agenttrace_admission_oracle_v4,trace_derived_simulation,86adc13cec5f5a186ade1082f0fb1da4944533a4,pagarsky/agent-trace: nl2bash_1_7B_20260403T211347Z,https://huggingface.co/datasets/pagarsky/agent-trace,Apache-2.0,250313ae096b0bb8c1986b6f571b68f4ff7617a12026db20214ad84188d12ae5,False,CPU-only; no live vLLM request,frozen,sketch,coverage_first,32,False,4,512,8,10,20260716,eaa15ded1a7793cfc70e1f55234842745030d0e5f9d40c1a476069fdb5fea6c9,512,128,128,structural agent-turn replay; Oracle-K is offline diagnosis only; no raw source text and no live latency.,Current,384,0.0234375,0.3409471988240686,120869.0,22565.0,1.0,1.0,8576
20260716_agenttrace_frozen_sketch_coverage_first_k64_rep8,agenttrace_admission_oracle_v4,trace_derived_simulation,86adc13cec5f5a186ade1082f0fb1da4944533a4,pagarsky/agent-trace: nl2bash_1_7B_20260403T211347Z,https://huggingface.co/datasets/pagarsky/agent-trace,Apache-2.0,250313ae096b0bb8c1986b6f571b68f4ff7617a12026db20214ad84188d12ae5,False,CPU-only; no live vLLM request,frozen,sketch,coverage_first,64,False,4,512,8,10,20260716,eaa15ded1a7793cfc70e1f55234842745030d0e5f9d40c1a476069fdb5fea6c9,512,128,128,structural agent-turn replay; Oracle-K is offline diagnosis only; no raw source text and no live latency.,Current,384,0.0234375,0.3419530354903747,121260.0,22956.0,4.0,4.0,10432
20260716_agenttrace_frozen_sketch_coverage_first_k128_rep8,agenttrace_admission_oracle_v4,trace_derived_simulation,86adc13cec5f5a186ade1082f0fb1da4944533a4,pagarsky/agent-trace: nl2bash_1_7B_20260403T211347Z,https://huggingface.co/datasets/pagarsky/agent-trace,Apache-2.0,250313ae096b0bb8c1986b6f571b68f4ff7617a12026db20214ad84188d12ae5,False,CPU-only; no live vLLM request,frozen,sketch,coverage_first,128,False,4,512,8,10,20260716,eaa15ded1a7793cfc70e1f55234842745030d0e5f9d40c1a476069fdb5fea6c9,512,128,128,structural agent-turn replay; Oracle-K is offline diagnosis only; no raw source text and no live latency.,Current,384,0.0234375,0.3419530354903747,121260.0,22956.0,4.0,4.0,10432
20260716_agenttrace_frozen_sketch_saved_prefill_first_k2_rep8,agenttrace_admission_oracle_v4,trace_derived_simulation,86adc13cec5f5a186ade1082f0fb1da4944533a4,pagarsky/agent-trace: nl2bash_1_7B_20260403T211347Z,https://huggingface.co/datasets/pagarsky/agent-trace,Apache-2.0,250313ae096b0bb8c1986b6f571b68f4ff7617a12026db20214ad84188d12ae5,False,CPU-only; no live vLLM request,frozen,sketch,saved_prefill_first,2,False,4,512,8,10,20260716,eaa15ded1a7793cfc70e1f55234842745030d0e5f9d40c1a476069fdb5fea6c9,512,128,128,structural agent-turn replay; Oracle-K is offline diagnosis only; no raw source text and no live latency.,Current,384,0.020833333333333332,0.341016805815578,120523.0,22219.0,4.0,4.0,896
20260716_agenttrace_frozen_sketch_saved_prefill_first_k4_rep8,agenttrace_admission_oracle_v4,trace_derived_simulation,86adc13cec5f5a186ade1082f0fb1da4944533a4,pagarsky/agent-trace: nl2bash_1_7B_20260403T211347Z,https://huggingface.co/datasets/pagarsky/agent-trace,Apache-2.0,250313ae096b0bb8c1986b6f571b68f4ff7617a12026db20214ad84188d12ae5,False,CPU-only; no live vLLM request,frozen,sketch,saved_prefill_first,4,False,4,512,8,10,20260716,eaa15ded1a7793cfc70e1f55234842745030d0e5f9d40c1a476069fdb5fea6c9,512,128,128,structural agent-turn replay; Oracle-K is offline diagnosis only; no raw source text and no live latency.,Current,384,0.0234375,0.3419530354903747,121260.0,22956.0,4.0,4.0,1408
20260716_agenttrace_frozen_sketch_saved_prefill_first_k8_rep8,agenttrace_admission_oracle_v4,trace_derived_simulation,86adc13cec5f5a186ade1082f0fb1da4944533a4,pagarsky/agent-trace: nl2bash_1_7B_20260403T211347Z,https://huggingface.co/datasets/pagarsky/agent-trace,Apache-2.0,250313ae096b0bb8c1986b6f571b68f4ff7617a12026db20214ad84188d12ae5,False,CPU-only; no live vLLM request,frozen,sketch,saved_prefill_first,8,False,4,512,8,10,20260716,eaa15ded1a7793cfc70e1f55234842745030d0e5f9d40c1a476069fdb5fea6c9,512,128,128,structural agent-turn replay; Oracle-K is offline diagnosis only; no raw source text and no live latency.,Current,384,0.0234375,0.3419530354903747,121260.0,22956.0,4.0,4.0,2432
20260716_agenttrace_frozen_sketch_saved_prefill_first_k16_rep8,agenttrace_admission_oracle_v4,trace_derived_simulation,86adc13cec5f5a186ade1082f0fb1da4944533a4,pagarsky/agent-trace: nl2bash_1_7B_20260403T211347Z,https://huggingface.co/datasets/pagarsky/agent-trace,Apache-2.0,250313ae096b0bb8c1986b6f571b68f4ff7617a12026db20214ad84188d12ae5,False,CPU-only; no live vLLM request,frozen,sketch,saved_prefill_first,16,False,4,512,8,10,20260716,eaa15ded1a7793cfc70e1f55234842745030d0e5f9d40c1a476069fdb5fea6c9,512,128,128,structural agent-turn replay; Oracle-K is offline diagnosis only; no raw source text and no live latency.,Current,384,0.0234375,0.3419530354903747,121260.0,22956.0,4.0,4.0,4480
20260716_agenttrace_frozen_sketch_saved_prefill_first_k32_rep8,agenttrace_admission_oracle_v4,trace_derived_simulation,86adc13cec5f5a186ade1082f0fb1da4944533a4,pagarsky/agent-trace: nl2bash_1_7B_20260403T211347Z,https://huggingface.co/datasets/pagarsky/agent-trace,Apache-2.0,250313ae096b0bb8c1986b6f571b68f4ff7617a12026db20214ad84188d12ae5,False,CPU-only; no live vLLM request,frozen,sketch,saved_prefill_first,32,False,4,512,8,10,20260716,eaa15ded1a7793cfc70e1f55234842745030d0e5f9d40c1a476069fdb5fea6c9,512,128,128,structural agent-turn replay; Oracle-K is offline diagnosis only; no raw source text and no live latency.,Current,384,0.0234375,0.3419530354903747,121260.0,22956.0,4.0,4.0,8576
20260716_agenttrace_frozen_sketch_saved_prefill_first_k64_rep8,agenttrace_admission_oracle_v4,trace_derived_simulation,86adc13cec5f5a186ade1082f0fb1da4944533a4,pagarsky/agent-trace: nl2bash_1_7B_20260403T211347Z,https://huggingface.co/datasets/pagarsky/agent-trace,Apache-2.0,250313ae096b0bb8c1986b6f571b68f4ff7617a12026db20214ad84188d12ae5,False,CPU-only; no live vLLM request,frozen,sketch,saved_prefill_first,64,False,4,512,8,10,20260716,eaa15ded1a7793cfc70e1f55234842745030d0e5f9d40c1a476069fdb5fea6c9,512,128,128,structural agent-turn replay; Oracle-K is offline diagnosis only; no raw source text and no live latency.,Current,384,0.0234375,0.3419530354903747,121260.0,22956.0,4.0,4.0,10432
20260716_agenttrace_frozen_sketch_saved_prefill_first_k128_rep8,agenttrace_admission_oracle_v4,trace_derived_simulation,86adc13cec5f5a186ade1082f0fb1da4944533a4,pagarsky/agent-trace: nl2bash_1_7B_20260403T211347Z,https://huggingface.co/datasets/pagarsky/agent-trace,Apache-2.0,250313ae096b0bb8c1986b6f571b68f4ff7617a12026db20214ad84188d12ae5,False,CPU-only; no live vLLM request,frozen,sketch,saved_prefill_first,128,False,4,512,8,10,20260716,eaa15ded1a7793cfc70e1f55234842745030d0e5f9d40c1a476069fdb5fea6c9,512,128,128,structural agent-turn replay; Oracle-K is offline diagnosis only; no raw source text and no live latency.,Current,384,0.0234375,0.3419530354903747,121260.0,22956.0,4.0,4.0,10432
20260716_agenttrace_frozen_sketch_reuse_distance_k2_rep8,agenttrace_admission_oracle_v4,trace_derived_simulation,86adc13cec5f5a186ade1082f0fb1da4944533a4,pagarsky/agent-trace: nl2bash_1_7B_20260403T211347Z,https://huggingface.co/datasets/pagarsky/agent-trace,Apache-2.0,250313ae096b0bb8c1986b6f571b68f4ff7617a12026db20214ad84188d12ae5,False,CPU-only; no live vLLM request,frozen,sketch,reuse_distance,2,False,4,512,8,10,20260716,eaa15ded1a7793cfc70e1f55234842745030d0e5f9d40c1a476069fdb5fea6c9,512,128,128,structural agent-turn replay; Oracle-K is offline diagnosis only; no raw source text and no live latency.,Current,384,0.0234375,0.3408177144172265,120604.0,22300.0,0.0,0.0,896
20260716_agenttrace_frozen_sketch_reuse_distance_k4_rep8,agenttrace_admission_oracle_v4,trace_derived_simulation,86adc13cec5f5a186ade1082f0fb1da4944533a4,pagarsky/agent-trace: nl2bash_1_7B_20260403T211347Z,https://huggingface.co/datasets/pagarsky/agent-trace,Apache-2.0,250313ae096b0bb8c1986b6f571b68f4ff7617a12026db20214ad84188d12ae5,False,CPU-only; no live vLLM request,frozen,sketch,reuse_distance,4,False,4,512,8,10,20260716,eaa15ded1a7793cfc70e1f55234842745030d0e5f9d40c1a476069fdb5fea6c9,512,128,128,structural agent-turn replay; Oracle-K is offline diagnosis only; no raw source text and no live latency.,Current,384,0.0234375,0.3401921050528437,120302.0,21998.0,1.0,1.0,1408
20260716_agenttrace_frozen_sketch_reuse_distance_k8_rep8,agenttrace_admission_oracle_v4,trace_derived_simulation,86adc13cec5f5a186ade1082f0fb1da4944533a4,pagarsky/agent-trace: nl2bash_1_7B_20260403T211347Z,https://huggingface.co/datasets/pagarsky/agent-trace,Apache-2.0,250313ae096b0bb8c1986b6f571b68f4ff7617a12026db20214ad84188d12ae5,False,CPU-only; no live vLLM request,frozen,sketch,reuse_distance,8,False,4,512,8,10,20260716,eaa15ded1a7793cfc70e1f55234842745030d0e5f9d40c1a476069fdb5fea6c9,512,128,128,structural agent-turn replay; Oracle-K is offline diagnosis only; no raw source text and no live latency.,Current,384,0.0234375,0.34120395788785657,120956.0,22652.0,1.0,1.0,2432
20260716_agenttrace_frozen_sketch_reuse_distance_k16_rep8,agenttrace_admission_oracle_v4,trace_derived_simulation,86adc13cec5f5a186ade1082f0fb1da4944533a4,pagarsky/agent-trace: nl2bash_1_7B_20260403T211347Z,https://huggingface.co/datasets/pagarsky/agent-trace,Apache-2.0,250313ae096b0bb8c1986b6f571b68f4ff7617a12026db20214ad84188d12ae5,False,CPU-only; no live vLLM request,frozen,sketch,reuse_distance,16,False,4,512,8,10,20260716,eaa15ded1a7793cfc70e1f55234842745030d0e5f9d40c1a476069fdb5fea6c9,512,128,128,structural agent-turn replay; Oracle-K is offline diagnosis only; no raw source text and no live latency.,Current,384,0.0234375,0.34182564171320895,121263.0,22959.0,1.0,1.0,4480
20260716_agenttrace_frozen_sketch_reuse_distance_k32_rep8,agenttrace_admission_oracle_v4,trace_derived_simulation,86adc13cec5f5a186ade1082f0fb1da4944533a4,pagarsky/agent-trace: nl2bash_1_7B_20260403T211347Z,https://huggingface.co/datasets/pagarsky/agent-trace,Apache-2.0,250313ae096b0bb8c1986b6f571b68f4ff7617a12026db20214ad84188d12ae5,False,CPU-only; no live vLLM request,frozen,sketch,reuse_distance,32,False,4,512,8,10,20260716,eaa15ded1a7793cfc70e1f55234842745030d0e5f9d40c1a476069fdb5fea6c9,512,128,128,structural agent-turn replay; Oracle-K is offline diagnosis only; no raw source text and no live latency.,Current,384,0.0234375,0.3416372622701585,121296.0,22992.0,1.0,1.0,8576
20260716_agenttrace_frozen_sketch_reuse_distance_k64_rep8,agenttrace_admission_oracle_v4,trace_derived_simulation,86adc13cec5f5a186ade1082f0fb1da4944533a4,pagarsky/agent-trace: nl2bash_1_7B_20260403T211347Z,https://huggingface.co/datasets/pagarsky/agent-trace,Apache-2.0,250313ae096b0bb8c1986b6f571b68f4ff7617a12026db20214ad84188d12ae5,False,CPU-only; no live vLLM request,frozen,sketch,reuse_distance,64,False,4,512,8,10,20260716,eaa15ded1a7793cfc70e1f55234842745030d0e5f9d40c1a476069fdb5fea6c9,512,128,128,structural agent-turn replay; Oracle-K is offline diagnosis only; no raw source text and no live latency.,Current,384,0.0234375,0.3419530354903747,121260.0,22956.0,4.0,4.0,10432
20260716_agenttrace_frozen_sketch_reuse_distance_k128_rep8,agenttrace_admission_oracle_v4,trace_derived_simulation,86adc13cec5f5a186ade1082f0fb1da4944533a4,pagarsky/agent-trace: nl2bash_1_7B_20260403T211347Z,https://huggingface.co/datasets/pagarsky/agent-trace,Apache-2.0,250313ae096b0bb8c1986b6f571b68f4ff7617a12026db20214ad84188d12ae5,False,CPU-only; no live vLLM request,frozen,sketch,reuse_distance,128,False,4,512,8,10,20260716,eaa15ded1a7793cfc70e1f55234842745030d0e5f9d40c1a476069fdb5fea6c9,512,128,128,structural agent-turn replay; Oracle-K is offline diagnosis only; no raw source text and no live latency.,Current,384,0.0234375,0.3419530354903747,121260.0,22956.0,4.0,4.0,10432
20260716_agenttrace_frozen_sketch_oracle_future_value_k2_rep8,agenttrace_admission_oracle_v4,trace_derived_simulation,86adc13cec5f5a186ade1082f0fb1da4944533a4,pagarsky/agent-trace: nl2bash_1_7B_20260403T211347Z,https://huggingface.co/datasets/pagarsky/agent-trace,Apache-2.0,250313ae096b0bb8c1986b6f571b68f4ff7617a12026db20214ad84188d12ae5,False,CPU-only; no live vLLM request,frozen,sketch,oracle_future_value,2,True,4,512,8,10,20260716,eaa15ded1a7793cfc70e1f55234842745030d0e5f9d40c1a476069fdb5fea6c9,512,128,128,structural agent-turn replay; Oracle-K is offline diagnosis only; no raw source text and no live latency.,UpperBoundOnly,384,0.020833333333333332,0.3398609893376292,120090.0,21786.0,0.0,0.0,896
20260716_agenttrace_frozen_sketch_oracle_future_value_k4_rep8,agenttrace_admission_oracle_v4,trace_derived_simulation,86adc13cec5f5a186ade1082f0fb1da4944533a4,pagarsky/agent-trace: nl2bash_1_7B_20260403T211347Z,https://huggingface.co/datasets/pagarsky/agent-trace,Apache-2.0,250313ae096b0bb8c1986b6f571b68f4ff7617a12026db20214ad84188d12ae5,False,CPU-only; no live vLLM request,frozen,sketch,oracle_future_value,4,True,4,512,8,10,20260716,eaa15ded1a7793cfc70e1f55234842745030d0e5f9d40c1a476069fdb5fea6c9,512,128,128,structural agent-turn replay; Oracle-K is offline diagnosis only; no raw source text and no live latency.,UpperBoundOnly,384,0.0234375,0.3404053717063351,120247.0,21943.0,1.0,1.0,1408
20260716_agenttrace_frozen_sketch_oracle_future_value_k8_rep8,agenttrace_admission_oracle_v4,trace_derived_simulation,86adc13cec5f5a186ade1082f0fb1da4944533a4,pagarsky/agent-trace: nl2bash_1_7B_20260403T211347Z,https://huggingface.co/datasets/pagarsky/agent-trace,Apache-2.0,250313ae096b0bb8c1986b6f571b68f4ff7617a12026db20214ad84188d12ae5,False,CPU-only; no live vLLM request,frozen,sketch,oracle_future_value,8,True,4,512,8,10,20260716,eaa15ded1a7793cfc70e1f55234842745030d0e5f9d40c1a476069fdb5fea6c9,512,128,128,structural agent-turn replay; Oracle-K is offline diagnosis only; no raw source text and no live latency.,UpperBoundOnly,384,0.0234375,0.34120303743103464,120895.0,22591.0,2.0,2.0,2432
20260716_agenttrace_frozen_sketch_oracle_future_value_k16_rep8,agenttrace_admission_oracle_v4,trace_derived_simulation,86adc13cec5f5a186ade1082f0fb1da4944533a4,pagarsky/agent-trace: nl2bash_1_7B_20260403T211347Z,https://huggingface.co/datasets/pagarsky/agent-trace,Apache-2.0,250313ae096b0bb8c1986b6f571b68f4ff7617a12026db20214ad84188d12ae5,False,CPU-only; no live vLLM request,frozen,sketch,oracle_future_value,16,True,4,512,8,10,20260716,eaa15ded1a7793cfc70e1f55234842745030d0e5f9d40c1a476069fdb5fea6c9,512,128,128,structural agent-turn replay; Oracle-K is offline diagnosis only; no raw source text and no live latency.,UpperBoundOnly,384,0.0234375,0.3411342315732132,120998.0,22694.0,2.0,2.0,4480
20260716_agenttrace_frozen_sketch_oracle_future_value_k32_rep8,agenttrace_admission_oracle_v4,trace_derived_simulation,86adc13cec5f5a186ade1082f0fb1da4944533a4,pagarsky/agent-trace: nl2bash_1_7B_20260403T211347Z,https://huggingface.co/datasets/pagarsky/agent-trace,Apache-2.0,250313ae096b0bb8c1986b6f571b68f4ff7617a12026db20214ad84188d12ae5,False,CPU-only; no live vLLM request,frozen,sketch,oracle_future_value,32,True,4,512,8,10,20260716,eaa15ded1a7793cfc70e1f55234842745030d0e5f9d40c1a476069fdb5fea6c9,512,128,128,structural agent-turn replay; Oracle-K is offline diagnosis only; no raw source text and no live latency.,UpperBoundOnly,384,0.0234375,0.341137578128993,120921.0,22617.0,2.0,2.0,8576
20260716_agenttrace_frozen_sketch_oracle_future_value_k64_rep8,agenttrace_admission_oracle_v4,trace_derived_simulation,86adc13cec5f5a186ade1082f0fb1da4944533a4,pagarsky/agent-trace: nl2bash_1_7B_20260403T211347Z,https://huggingface.co/datasets/pagarsky/agent-trace,Apache-2.0,250313ae096b0bb8c1986b6f571b68f4ff7617a12026db20214ad84188d12ae5,False,CPU-only; no live vLLM request,frozen,sketch,oracle_future_value,64,True,4,512,8,10,20260716,eaa15ded1a7793cfc70e1f55234842745030d0e5f9d40c1a476069fdb5fea6c9,512,128,128,structural agent-turn replay; Oracle-K is offline diagnosis only; no raw source text and no live latency.,UpperBoundOnly,384,0.0234375,0.3419530354903747,121260.0,22956.0,4.0,4.0,10432
20260716_agenttrace_frozen_sketch_oracle_future_value_k128_rep8,agenttrace_admission_oracle_v4,trace_derived_simulation,86adc13cec5f5a186ade1082f0fb1da4944533a4,pagarsky/agent-trace: nl2bash_1_7B_20260403T211347Z,https://huggingface.co/datasets/pagarsky/agent-trace,Apache-2.0,250313ae096b0bb8c1986b6f571b68f4ff7617a12026db20214ad84188d12ae5,False,CPU-only; no live vLLM request,frozen,sketch,oracle_future_value,128,True,4,512,8,10,20260716,eaa15ded1a7793cfc70e1f55234842745030d0e5f9d40c1a476069fdb5fea6c9,512,128,128,structural agent-turn replay; Oracle-K is offline diagnosis only; no raw source text and no live latency.,UpperBoundOnly,384,0.0234375,0.3419530354903747,121260.0,22956.0,4.0,4.0,10432
20260716_agenttrace_closed_loop_load_only_kinf_rep8,agenttrace_admission_oracle_v4,trace_derived_simulation,86adc13cec5f5a186ade1082f0fb1da4944533a4,pagarsky/agent-trace: nl2bash_1_7B_20260403T211347Z,https://huggingface.co/datasets/pagarsky/agent-trace,Apache-2.0,250313ae096b0bb8c1986b6f571b68f4ff7617a12026db20214ad84188d12ae5,False,CPU-only; no live vLLM request,closed_loop,load_only,none,inf,False,4,512,8,10,20260716,eaa15ded1a7793cfc70e1f55234842745030d0e5f9d40c1a476069fdb5fea6c9,512,128,128,structural agent-turn replay; Oracle-K is offline diagnosis only; no raw source text and no live latency.,Current,384,0.0,0.3601234846166899,146980.0,48676.0,0.0,0.0,384
20260716_agenttrace_closed_loop_exact_kinf_rep8,agenttrace_admission_oracle_v4,trace_derived_simulation,86adc13cec5f5a186ade1082f0fb1da4944533a4,pagarsky/agent-trace: nl2bash_1_7B_20260403T211347Z,https://huggingface.co/datasets/pagarsky/agent-trace,Apache-2.0,250313ae096b0bb8c1986b6f571b68f4ff7617a12026db20214ad84188d12ae5,False,CPU-only; no live vLLM request,closed_loop,exact,exact,inf,False,4,512,8,10,20260716,eaa15ded1a7793cfc70e1f55234842745030d0e5f9d40c1a476069fdb5fea6c9,512,128,128,structural agent-turn replay; Oracle-K is offline diagnosis only; no raw source text and no live latency.,Current,384,0.15104166666666666,0.41800990424868667,232211.0,133907.0,3.0,3.0,16896
20260716_agenttrace_closed_loop_sketch_lru_k2_rep8,agenttrace_admission_oracle_v4,trace_derived_simulation,86adc13cec5f5a186ade1082f0fb1da4944533a4,pagarsky/agent-trace: nl2bash_1_7B_20260403T211347Z,https://huggingface.co/datasets/pagarsky/agent-trace,Apache-2.0,250313ae096b0bb8c1986b6f571b68f4ff7617a12026db20214ad84188d12ae5,False,CPU-only; no live vLLM request,closed_loop,sketch,lru,2,False,4,512,8,10,20260716,eaa15ded1a7793cfc70e1f55234842745030d0e5f9d40c1a476069fdb5fea6c9,512,128,128,structural agent-turn replay; Oracle-K is offline diagnosis only; no raw source text and no live latency.,Current,384,0.0026041666666666665,0.38131997054369265,179592.0,81288.0,3.0,3.0,768
20260716_agenttrace_closed_loop_sketch_lru_k4_rep8,agenttrace_admission_oracle_v4,trace_derived_simulation,86adc13cec5f5a186ade1082f0fb1da4944533a4,pagarsky/agent-trace: nl2bash_1_7B_20260403T211347Z,https://huggingface.co/datasets/pagarsky/agent-trace,Apache-2.0,250313ae096b0bb8c1986b6f571b68f4ff7617a12026db20214ad84188d12ae5,False,CPU-only; no live vLLM request,closed_loop,sketch,lru,4,False,4,512,8,10,20260716,eaa15ded1a7793cfc70e1f55234842745030d0e5f9d40c1a476069fdb5fea6c9,512,128,128,structural agent-turn replay; Oracle-K is offline diagnosis only; no raw source text and no live latency.,Current,384,0.0078125,0.3825929199298138,181552.0,83248.0,3.0,3.0,1024
20260716_agenttrace_closed_loop_sketch_lru_k8_rep8,agenttrace_admission_oracle_v4,trace_derived_simulation,86adc13cec5f5a186ade1082f0fb1da4944533a4,pagarsky/agent-trace: nl2bash_1_7B_20260403T211347Z,https://huggingface.co/datasets/pagarsky/agent-trace,Apache-2.0,250313ae096b0bb8c1986b6f571b68f4ff7617a12026db20214ad84188d12ae5,False,CPU-only; no live vLLM request,closed_loop,sketch,lru,8,False,4,512,8,10,20260716,eaa15ded1a7793cfc70e1f55234842745030d0e5f9d40c1a476069fdb5fea6c9,512,128,128,structural agent-turn replay; Oracle-K is offline diagnosis only; no raw source text and no live latency.,Current,384,0.013020833333333334,0.3810210767655634,178922.0,80618.0,3.0,3.0,1536
20260716_agenttrace_closed_loop_sketch_lru_k16_rep8,agenttrace_admission_oracle_v4,trace_derived_simulation,86adc13cec5f5a186ade1082f0fb1da4944533a4,pagarsky/agent-trace: nl2bash_1_7B_20260403T211347Z,https://huggingface.co/datasets/pagarsky/agent-trace,Apache-2.0,250313ae096b0bb8c1986b6f571b68f4ff7617a12026db20214ad84188d12ae5,False,CPU-only; no live vLLM request,closed_loop,sketch,lru,16,False,4,512,8,10,20260716,eaa15ded1a7793cfc70e1f55234842745030d0e5f9d40c1a476069fdb5fea6c9,512,128,128,structural agent-turn replay; Oracle-K is offline diagnosis only; no raw source text and no live latency.,Current,384,0.020833333333333332,0.3834624830155634,182762.0,84458.0,3.0,3.0,2560
20260716_agenttrace_closed_loop_sketch_lru_k32_rep8,agenttrace_admission_oracle_v4,trace_derived_simulation,86adc13cec5f5a186ade1082f0fb1da4944533a4,pagarsky/agent-trace: nl2bash_1_7B_20260403T211347Z,https://huggingface.co/datasets/pagarsky/agent-trace,Apache-2.0,250313ae096b0bb8c1986b6f571b68f4ff7617a12026db20214ad84188d12ae5,False,CPU-only; no live vLLM request,closed_loop,sketch,lru,32,False,4,512,8,10,20260716,eaa15ded1a7793cfc70e1f55234842745030d0e5f9d40c1a476069fdb5fea6c9,512,128,128,structural agent-turn replay; Oracle-K is offline diagnosis only; no raw source text and no live latency.,Current,384,0.0390625,0.3875301832646567,188309.0,90005.0,3.0,3.0,4608
20260716_agenttrace_closed_loop_sketch_lru_k64_rep8,agenttrace_admission_oracle_v4,trace_derived_simulation,86adc13cec5f5a186ade1082f0fb1da4944533a4,pagarsky/agent-trace: nl2bash_1_7B_20260403T211347Z,https://huggingface.co/datasets/pagarsky/agent-trace,Apache-2.0,250313ae096b0bb8c1986b6f571b68f4ff7617a12026db20214ad84188d12ae5,False,CPU-only; no live vLLM request,closed_loop,sketch,lru,64,False,4,512,8,10,20260716,eaa15ded1a7793cfc70e1f55234842745030d0e5f9d40c1a476069fdb5fea6c9,512,128,128,structural agent-turn replay; Oracle-K is offline diagnosis only; no raw source text and no live latency.,Current,384,0.07291666666666667,0.39688474860862283,201460.0,103156.0,3.0,3.0,8704
20260716_agenttrace_closed_loop_sketch_lru_k128_rep8,agenttrace_admission_oracle_v4,trace_derived_simulation,86adc13cec5f5a186ade1082f0fb1da4944533a4,pagarsky/agent-trace: nl2bash_1_7B_20260403T211347Z,https://huggingface.co/datasets/pagarsky/agent-trace,Apache-2.0,250313ae096b0bb8c1986b6f571b68f4ff7617a12026db20214ad84188d12ae5,False,CPU-only; no live vLLM request,closed_loop,sketch,lru,128,False,4,512,8,10,20260716,eaa15ded1a7793cfc70e1f55234842745030d0e5f9d40c1a476069fdb5fea6c9,512,128,128,structural agent-turn replay; Oracle-K is offline diagnosis only; no raw source text and no live latency.,Current,384,0.15104166666666666,0.41800990424868667,232211.0,133907.0,3.0,3.0,16896
20260716_agenttrace_closed_loop_sketch_lfu_k2_rep8,agenttrace_admission_oracle_v4,trace_derived_simulation,86adc13cec5f5a186ade1082f0fb1da4944533a4,pagarsky/agent-trace: nl2bash_1_7B_20260403T211347Z,https://huggingface.co/datasets/pagarsky/agent-trace,Apache-2.0,250313ae096b0bb8c1986b6f571b68f4ff7617a12026db20214ad84188d12ae5,False,CPU-only; no live vLLM request,closed_loop,sketch,lfu,2,False,4,512,8,10,20260716,eaa15ded1a7793cfc70e1f55234842745030d0e5f9d40c1a476069fdb5fea6c9,512,128,128,structural agent-turn replay; Oracle-K is offline diagnosis only; no raw source text and no live latency.,Current,384,0.0,0.38131997054369265,179592.0,81288.0,3.0,3.0,768
20260716_agenttrace_closed_loop_sketch_lfu_k4_rep8,agenttrace_admission_oracle_v4,trace_derived_simulation,86adc13cec5f5a186ade1082f0fb1da4944533a4,pagarsky/agent-trace: nl2bash_1_7B_20260403T211347Z,https://huggingface.co/datasets/pagarsky/agent-trace,Apache-2.0,250313ae096b0bb8c1986b6f571b68f4ff7617a12026db20214ad84188d12ae5,False,CPU-only; no live vLLM request,closed_loop,sketch,lfu,4,False,4,512,8,10,20260716,eaa15ded1a7793cfc70e1f55234842745030d0e5f9d40c1a476069fdb5fea6c9,512,128,128,structural agent-turn replay; Oracle-K is offline diagnosis only; no raw source text and no live latency.,Current,384,0.0,0.38131997054369265,179592.0,81288.0,3.0,3.0,1024
20260716_agenttrace_closed_loop_sketch_lfu_k8_rep8,agenttrace_admission_oracle_v4,trace_derived_simulation,86adc13cec5f5a186ade1082f0fb1da4944533a4,pagarsky/agent-trace: nl2bash_1_7B_20260403T211347Z,https://huggingface.co/datasets/pagarsky/agent-trace,Apache-2.0,250313ae096b0bb8c1986b6f571b68f4ff7617a12026db20214ad84188d12ae5,False,CPU-only; no live vLLM request,closed_loop,sketch,lfu,8,False,4,512,8,10,20260716,eaa15ded1a7793cfc70e1f55234842745030d0e5f9d40c1a476069fdb5fea6c9,512,128,128,structural agent-turn replay; Oracle-K is offline diagnosis only; no raw source text and no live latency.,Current,384,0.0026041666666666665,0.3792396889681718,176320.0,78016.0,3.0,3.0,1536
20260716_agenttrace_closed_loop_sketch_lfu_k16_rep8,agenttrace_admission_oracle_v4,trace_derived_simulation,86adc13cec5f5a186ade1082f0fb1da4944533a4,pagarsky/agent-trace: nl2bash_1_7B_20260403T211347Z,https://huggingface.co/datasets/pagarsky/agent-trace,Apache-2.0,250313ae096b0bb8c1986b6f571b68f4ff7617a12026db20214ad84188d12ae5,False,CPU-only; no live vLLM request,closed_loop,sketch,lfu,16,False,4,512,8,10,20260716,eaa15ded1a7793cfc70e1f55234842745030d0e5f9d40c1a476069fdb5fea6c9,512,128,128,structural agent-turn replay; Oracle-K is offline diagnosis only; no raw source text and no live latency.,Current,384,0.010416666666666666,0.38058717033090145,178427.0,80123.0,3.0,3.0,2560
20260716_agenttrace_closed_loop_sketch_lfu_k32_rep8,agenttrace_admission_oracle_v4,trace_derived_simulation,86adc13cec5f5a186ade1082f0fb1da4944533a4,pagarsky/agent-trace: nl2bash_1_7B_20260403T211347Z,https://huggingface.co/datasets/pagarsky/agent-trace,Apache-2.0,250313ae096b0bb8c1986b6f571b68f4ff7617a12026db20214ad84188d12ae5,False,CPU-only; no live vLLM request,closed_loop,sketch,lfu,32,False,4,512,8,10,20260716,eaa15ded1a7793cfc70e1f55234842745030d0e5f9d40c1a476069fdb5fea6c9,512,128,128,structural agent-turn replay; Oracle-K is offline diagnosis only; no raw source text and no live latency.,Current,384,0.026041666666666668,0.37826101847037,173809.0,75505.0,3.0,3.0,4608
20260716_agenttrace_closed_loop_sketch_lfu_k64_rep8,agenttrace_admission_oracle_v4,trace_derived_simulation,86adc13cec5f5a186ade1082f0fb1da4944533a4,pagarsky/agent-trace: nl2bash_1_7B_20260403T211347Z,https://huggingface.co/datasets/pagarsky/agent-trace,Apache-2.0,250313ae096b0bb8c1986b6f571b68f4ff7617a12026db20214ad84188d12ae5,False,CPU-only; no live vLLM request,closed_loop,sketch,lfu,64,False,4,512,8,10,20260716,eaa15ded1a7793cfc70e1f55234842745030d0e5f9d40c1a476069fdb5fea6c9,512,128,128,structural agent-turn replay; Oracle-K is offline diagnosis only; no raw source text and no live latency.,Current,384,0.0625,0.3888455383296604,189980.0,91676.0,3.0,3.0,8704
20260716_agenttrace_closed_loop_sketch_lfu_k128_rep8,agenttrace_admission_oracle_v4,trace_derived_simulation,86adc13cec5f5a186ade1082f0fb1da4944533a4,pagarsky/agent-trace: nl2bash_1_7B_20260403T211347Z,https://huggingface.co/datasets/pagarsky/agent-trace,Apache-2.0,250313ae096b0bb8c1986b6f571b68f4ff7617a12026db20214ad84188d12ae5,False,CPU-only; no live vLLM request,closed_loop,sketch,lfu,128,False,4,512,8,10,20260716,eaa15ded1a7793cfc70e1f55234842745030d0e5f9d40c1a476069fdb5fea6c9,512,128,128,structural agent-turn replay; Oracle-K is offline diagnosis only; no raw source text and no live latency.,Current,384,0.15104166666666666,0.41800990424868667,232211.0,133907.0,3.0,3.0,16896
20260716_agenttrace_closed_loop_sketch_coverage_first_k2_rep8,agenttrace_admission_oracle_v4,trace_derived_simulation,86adc13cec5f5a186ade1082f0fb1da4944533a4,pagarsky/agent-trace: nl2bash_1_7B_20260403T211347Z,https://huggingface.co/datasets/pagarsky/agent-trace,Apache-2.0,250313ae096b0bb8c1986b6f571b68f4ff7617a12026db20214ad84188d12ae5,False,CPU-only; no live vLLM request,closed_loop,sketch,coverage_first,2,False,4,512,8,10,20260716,eaa15ded1a7793cfc70e1f55234842745030d0e5f9d40c1a476069fdb5fea6c9,512,128,128,structural agent-turn replay; Oracle-K is offline diagnosis only; no raw source text and no live latency.,Current,384,0.020833333333333332,0.3822173176290785,180991.0,82687.0,1.0,1.0,768
20260716_agenttrace_closed_loop_sketch_coverage_first_k4_rep8,agenttrace_admission_oracle_v4,trace_derived_simulation,86adc13cec5f5a186ade1082f0fb1da4944533a4,pagarsky/agent-trace: nl2bash_1_7B_20260403T211347Z,https://huggingface.co/datasets/pagarsky/agent-trace,Apache-2.0,250313ae096b0bb8c1986b6f571b68f4ff7617a12026db20214ad84188d12ae5,False,CPU-only; no live vLLM request,closed_loop,sketch,coverage_first,4,False,4,512,8,10,20260716,eaa15ded1a7793cfc70e1f55234842745030d0e5f9d40c1a476069fdb5fea6c9,512,128,128,structural agent-turn replay; Oracle-K is offline diagnosis only; no raw source text and no live latency.,Current,384,0.033854166666666664,0.38818417526825766,189632.0,91328.0,1.0,1.0,1024
20260716_agenttrace_closed_loop_sketch_coverage_first_k8_rep8,agenttrace_admission_oracle_v4,trace_derived_simulation,86adc13cec5f5a186ade1082f0fb1da4944533a4,pagarsky/agent-trace: nl2bash_1_7B_20260403T211347Z,https://huggingface.co/datasets/pagarsky/agent-trace,Apache-2.0,250313ae096b0bb8c1986b6f571b68f4ff7617a12026db20214ad84188d12ae5,False,CPU-only; no live vLLM request,closed_loop,sketch,coverage_first,8,False,4,512,8,10,20260716,eaa15ded1a7793cfc70e1f55234842745030d0e5f9d40c1a476069fdb5fea6c9,512,128,128,structural agent-turn replay; Oracle-K is offline diagnosis only; no raw source text and no live latency.,Current,384,0.059895833333333336,0.39710763722041054,202790.0,104486.0,2.0,2.0,1536
20260716_agenttrace_closed_loop_sketch_coverage_first_k16_rep8,agenttrace_admission_oracle_v4,trace_derived_simulation,86adc13cec5f5a186ade1082f0fb1da4944533a4,pagarsky/agent-trace: nl2bash_1_7B_20260403T211347Z,https://huggingface.co/datasets/pagarsky/agent-trace,Apache-2.0,250313ae096b0bb8c1986b6f571b68f4ff7617a12026db20214ad84188d12ae5,False,CPU-only; no live vLLM request,closed_loop,sketch,coverage_first,16,False,4,512,8,10,20260716,eaa15ded1a7793cfc70e1f55234842745030d0e5f9d40c1a476069fdb5fea6c9,512,128,128,structural agent-turn replay; Oracle-K is offline diagnosis only; no raw source text and no live latency.,Current,384,0.08333333333333333,0.40568974502025806,215684.0,117380.0,2.0,2.0,2560
20260716_agenttrace_closed_loop_sketch_coverage_first_k32_rep8,agenttrace_admission_oracle_v4,trace_derived_simulation,86adc13cec5f5a186ade1082f0fb1da4944533a4,pagarsky/agent-trace: nl2bash_1_7B_20260403T211347Z,https://huggingface.co/datasets/pagarsky/agent-trace,Apache-2.0,250313ae096b0bb8c1986b6f571b68f4ff7617a12026db20214ad84188d12ae5,False,CPU-only; no live vLLM request,closed_loop,sketch,coverage_first,32,False,4,512,8,10,20260716,eaa15ded1a7793cfc70e1f55234842745030d0e5f9d40c1a476069fdb5fea6c9,512,128,128,structural agent-turn replay; Oracle-K is offline diagnosis only; no raw source text and no live latency.,Current,384,0.13541666666666666,0.4174370638759653,231310.0,133006.0,2.0,2.0,4608
20260716_agenttrace_closed_loop_sketch_coverage_first_k64_rep8,agenttrace_admission_oracle_v4,trace_derived_simulation,86adc13cec5f5a186ade1082f0fb1da4944533a4,pagarsky/agent-trace: nl2bash_1_7B_20260403T211347Z,https://huggingface.co/datasets/pagarsky/agent-trace,Apache-2.0,250313ae096b0bb8c1986b6f571b68f4ff7617a12026db20214ad84188d12ae5,False,CPU-only; no live vLLM request,closed_loop,sketch,coverage_first,64,False,4,512,8,10,20260716,eaa15ded1a7793cfc70e1f55234842745030d0e5f9d40c1a476069fdb5fea6c9,512,128,128,structural agent-turn replay; Oracle-K is offline diagnosis only; no raw source text and no live latency.,Current,384,0.15104166666666666,0.41800990424868667,232211.0,133907.0,2.0,2.0,8704
20260716_agenttrace_closed_loop_sketch_coverage_first_k128_rep8,agenttrace_admission_oracle_v4,trace_derived_simulation,86adc13cec5f5a186ade1082f0fb1da4944533a4,pagarsky/agent-trace: nl2bash_1_7B_20260403T211347Z,https://huggingface.co/datasets/pagarsky/agent-trace,Apache-2.0,250313ae096b0bb8c1986b6f571b68f4ff7617a12026db20214ad84188d12ae5,False,CPU-only; no live vLLM request,closed_loop,sketch,coverage_first,128,False,4,512,8,10,20260716,eaa15ded1a7793cfc70e1f55234842745030d0e5f9d40c1a476069fdb5fea6c9,512,128,128,structural agent-turn replay; Oracle-K is offline diagnosis only; no raw source text and no live latency.,Current,384,0.15104166666666666,0.41800990424868667,232211.0,133907.0,3.0,3.0,16896
20260716_agenttrace_closed_loop_sketch_saved_prefill_first_k2_rep8,agenttrace_admission_oracle_v4,trace_derived_simulation,86adc13cec5f5a186ade1082f0fb1da4944533a4,pagarsky/agent-trace: nl2bash_1_7B_20260403T211347Z,https://huggingface.co/datasets/pagarsky/agent-trace,Apache-2.0,250313ae096b0bb8c1986b6f571b68f4ff7617a12026db20214ad84188d12ae5,False,CPU-only; no live vLLM request,closed_loop,sketch,saved_prefill_first,2,False,4,512,8,10,20260716,eaa15ded1a7793cfc70e1f55234842745030d0e5f9d40c1a476069fdb5fea6c9,512,128,128,structural agent-turn replay; Oracle-K is offline diagnosis only; no raw source text and no live latency.,Current,384,0.0078125,0.3804597563102942,178239.0,79935.0,3.0,3.0,768
20260716_agenttrace_closed_loop_sketch_saved_prefill_first_k4_rep8,agenttrace_admission_oracle_v4,trace_derived_simulation,86adc13cec5f5a186ade1082f0fb1da4944533a4,pagarsky/agent-trace: nl2bash_1_7B_20260403T211347Z,https://huggingface.co/datasets/pagarsky/agent-trace,Apache-2.0,250313ae096b0bb8c1986b6f571b68f4ff7617a12026db20214ad84188d12ae5,False,CPU-only; no live vLLM request,closed_loop,sketch,saved_prefill_first,4,False,4,512,8,10,20260716,eaa15ded1a7793cfc70e1f55234842745030d0e5f9d40c1a476069fdb5fea6c9,512,128,128,structural agent-turn replay; Oracle-K is offline diagnosis only; no raw source text and no live latency.,Current,384,0.010416666666666666,0.3798585631531671,177281.0,78977.0,3.0,3.0,1024
20260716_agenttrace_closed_loop_sketch_saved_prefill_first_k8_rep8,agenttrace_admission_oracle_v4,trace_derived_simulation,86adc13cec5f5a186ade1082f0fb1da4944533a4,pagarsky/agent-trace: nl2bash_1_7B_20260403T211347Z,https://huggingface.co/datasets/pagarsky/agent-trace,Apache-2.0,250313ae096b0bb8c1986b6f571b68f4ff7617a12026db20214ad84188d12ae5,False,CPU-only; no live vLLM request,closed_loop,sketch,saved_prefill_first,8,False,4,512,8,10,20260716,eaa15ded1a7793cfc70e1f55234842745030d0e5f9d40c1a476069fdb5fea6c9,512,128,128,structural agent-turn replay; Oracle-K is offline diagnosis only; no raw source text and no live latency.,Current,384,0.020833333333333332,0.3828696308615004,182017.0,83713.0,3.0,3.0,1536
20260716_agenttrace_closed_loop_sketch_saved_prefill_first_k16_rep8,agenttrace_admission_oracle_v4,trace_derived_simulation,86adc13cec5f5a186ade1082f0fb1da4944533a4,pagarsky/agent-trace: nl2bash_1_7B_20260403T211347Z,https://huggingface.co/datasets/pagarsky/agent-trace,Apache-2.0,250313ae096b0bb8c1986b6f571b68f4ff7617a12026db20214ad84188d12ae5,False,CPU-only; no live vLLM request,closed_loop,sketch,saved_prefill_first,16,False,4,512,8,10,20260716,eaa15ded1a7793cfc70e1f55234842745030d0e5f9d40c1a476069fdb5fea6c9,512,128,128,structural agent-turn replay; Oracle-K is offline diagnosis only; no raw source text and no live latency.,Current,384,0.028645833333333332,0.38388815503142226,183619.0,85315.0,3.0,3.0,2560
20260716_agenttrace_closed_loop_sketch_saved_prefill_first_k32_rep8,agenttrace_admission_oracle_v4,trace_derived_simulation,86adc13cec5f5a186ade1082f0fb1da4944533a4,pagarsky/agent-trace: nl2bash_1_7B_20260403T211347Z,https://huggingface.co/datasets/pagarsky/agent-trace,Apache-2.0,250313ae096b0bb8c1986b6f571b68f4ff7617a12026db20214ad84188d12ae5,False,CPU-only; no live vLLM request,closed_loop,sketch,saved_prefill_first,32,False,4,512,8,10,20260716,eaa15ded1a7793cfc70e1f55234842745030d0e5f9d40c1a476069fdb5fea6c9,512,128,128,structural agent-turn replay; Oracle-K is offline diagnosis only; no raw source text and no live latency.,Current,384,0.033854166666666664,0.3848145260169556,184332.0,86028.0,3.0,3.0,4608
20260716_agenttrace_closed_loop_sketch_saved_prefill_first_k64_rep8,agenttrace_admission_oracle_v4,trace_derived_simulation,86adc13cec5f5a186ade1082f0fb1da4944533a4,pagarsky/agent-trace: nl2bash_1_7B_20260403T211347Z,https://huggingface.co/datasets/pagarsky/agent-trace,Apache-2.0,250313ae096b0bb8c1986b6f571b68f4ff7617a12026db20214ad84188d12ae5,False,CPU-only; no live vLLM request,closed_loop,sketch,saved_prefill_first,64,False,4,512,8,10,20260716,eaa15ded1a7793cfc70e1f55234842745030d0e5f9d40c1a476069fdb5fea6c9,512,128,128,structural agent-turn replay; Oracle-K is offline diagnosis only; no raw source text and no live latency.,Current,384,0.10677083333333333,0.40778618229513197,215508.0,117204.0,3.0,3.0,8704
20260716_agenttrace_closed_loop_sketch_saved_prefill_first_k128_rep8,agenttrace_admission_oracle_v4,trace_derived_simulation,86adc13cec5f5a186ade1082f0fb1da4944533a4,pagarsky/agent-trace: nl2bash_1_7B_20260403T211347Z,https://huggingface.co/datasets/pagarsky/agent-trace,Apache-2.0,250313ae096b0bb8c1986b6f571b68f4ff7617a12026db20214ad84188d12ae5,False,CPU-only; no live vLLM request,closed_loop,sketch,saved_prefill_first,128,False,4,512,8,10,20260716,eaa15ded1a7793cfc70e1f55234842745030d0e5f9d40c1a476069fdb5fea6c9,512,128,128,structural agent-turn replay; Oracle-K is offline diagnosis only; no raw source text and no live latency.,Current,384,0.15104166666666666,0.41800990424868667,232211.0,133907.0,3.0,3.0,16896
20260716_agenttrace_closed_loop_sketch_reuse_distance_k2_rep8,agenttrace_admission_oracle_v4,trace_derived_simulation,86adc13cec5f5a186ade1082f0fb1da4944533a4,pagarsky/agent-trace: nl2bash_1_7B_20260403T211347Z,https://huggingface.co/datasets/pagarsky/agent-trace,Apache-2.0,250313ae096b0bb8c1986b6f571b68f4ff7617a12026db20214ad84188d12ae5,False,CPU-only; no live vLLM request,closed_loop,sketch,reuse_distance,2,False,4,512,8,10,20260716,eaa15ded1a7793cfc70e1f55234842745030d0e5f9d40c1a476069fdb5fea6c9,512,128,128,structural agent-turn replay; Oracle-K is offline diagnosis only; no raw source text and no live latency.,Current,384,0.0078125,0.3806460406934322,178532.0,80228.0,1.0,1.0,768
20260716_agenttrace_closed_loop_sketch_reuse_distance_k4_rep8,agenttrace_admission_oracle_v4,trace_derived_simulation,86adc13cec5f5a186ade1082f0fb1da4944533a4,pagarsky/agent-trace: nl2bash_1_7B_20260403T211347Z,https://huggingface.co/datasets/pagarsky/agent-trace,Apache-2.0,250313ae096b0bb8c1986b6f571b68f4ff7617a12026db20214ad84188d12ae5,False,CPU-only; no live vLLM request,closed_loop,sketch,reuse_distance,4,False,4,512,8,10,20260716,eaa15ded1a7793cfc70e1f55234842745030d0e5f9d40c1a476069fdb5fea6c9,512,128,128,structural agent-turn replay; Oracle-K is offline diagnosis only; no raw source text and no live latency.,Current,384,0.015625,0.38137401208828897,179677.0,81373.0,1.0,1.0,1024
20260716_agenttrace_closed_loop_sketch_reuse_distance_k8_rep8,agenttrace_admission_oracle_v4,trace_derived_simulation,86adc13cec5f5a186ade1082f0fb1da4944533a4,pagarsky/agent-trace: nl2bash_1_7B_20260403T211347Z,https://huggingface.co/datasets/pagarsky/agent-trace,Apache-2.0,250313ae096b0bb8c1986b6f571b68f4ff7617a12026db20214ad84188d12ae5,False,CPU-only; no live vLLM request,closed_loop,sketch,reuse_distance,8,False,4,512,8,10,20260716,eaa15ded1a7793cfc70e1f55234842745030d0e5f9d40c1a476069fdb5fea6c9,512,128,128,structural agent-turn replay; Oracle-K is offline diagnosis only; no raw source text and no live latency.,Current,384,0.0234375,0.3807999001498124,178774.0,80470.0,1.0,1.0,1536
20260716_agenttrace_closed_loop_sketch_reuse_distance_k16_rep8,agenttrace_admission_oracle_v4,trace_derived_simulation,86adc13cec5f5a186ade1082f0fb1da4944533a4,pagarsky/agent-trace: nl2bash_1_7B_20260403T211347Z,https://huggingface.co/datasets/pagarsky/agent-trace,Apache-2.0,250313ae096b0bb8c1986b6f571b68f4ff7617a12026db20214ad84188d12ae5,False,CPU-only; no live vLLM request,closed_loop,sketch,reuse_distance,16,False,4,512,8,10,20260716,eaa15ded1a7793cfc70e1f55234842745030d0e5f9d40c1a476069fdb5fea6c9,512,128,128,structural agent-turn replay; Oracle-K is offline diagnosis only; no raw source text and no live latency.,Current,384,0.026041666666666668,0.38141152327806765,179736.0,81432.0,3.0,3.0,2560
20260716_agenttrace_closed_loop_sketch_reuse_distance_k32_rep8,agenttrace_admission_oracle_v4,trace_derived_simulation,86adc13cec5f5a186ade1082f0fb1da4944533a4,pagarsky/agent-trace: nl2bash_1_7B_20260403T211347Z,https://huggingface.co/datasets/pagarsky/agent-trace,Apache-2.0,250313ae096b0bb8c1986b6f571b68f4ff7617a12026db20214ad84188d12ae5,False,CPU-only; no live vLLM request,closed_loop,sketch,reuse_distance,32,False,4,512,8,10,20260716,eaa15ded1a7793cfc70e1f55234842745030d0e5f9d40c1a476069fdb5fea6c9,512,128,128,structural agent-turn replay; Oracle-K is offline diagnosis only; no raw source text and no live latency.,Current,384,0.03125,0.382337894263601,180449.0,82145.0,3.0,3.0,4608
20260716_agenttrace_closed_loop_sketch_reuse_distance_k64_rep8,agenttrace_admission_oracle_v4,trace_derived_simulation,86adc13cec5f5a186ade1082f0fb1da4944533a4,pagarsky/agent-trace: nl2bash_1_7B_20260403T211347Z,https://huggingface.co/datasets/pagarsky/agent-trace,Apache-2.0,250313ae096b0bb8c1986b6f571b68f4ff7617a12026db20214ad84188d12ae5,False,CPU-only; no live vLLM request,closed_loop,sketch,reuse_distance,64,False,4,512,8,10,20260716,eaa15ded1a7793cfc70e1f55234842745030d0e5f9d40c1a476069fdb5fea6c9,512,128,128,structural agent-turn replay; Oracle-K is offline diagnosis only; no raw source text and no live latency.,Current,384,0.109375,0.41022758854513197,219348.0,121044.0,3.0,3.0,8704
20260716_agenttrace_closed_loop_sketch_reuse_distance_k128_rep8,agenttrace_admission_oracle_v4,trace_derived_simulation,86adc13cec5f5a186ade1082f0fb1da4944533a4,pagarsky/agent-trace: nl2bash_1_7B_20260403T211347Z,https://huggingface.co/datasets/pagarsky/agent-trace,Apache-2.0,250313ae096b0bb8c1986b6f571b68f4ff7617a12026db20214ad84188d12ae5,False,CPU-only; no live vLLM request,closed_loop,sketch,reuse_distance,128,False,4,512,8,10,20260716,eaa15ded1a7793cfc70e1f55234842745030d0e5f9d40c1a476069fdb5fea6c9,512,128,128,structural agent-turn replay; Oracle-K is offline diagnosis only; no raw source text and no live latency.,Current,384,0.15104166666666666,0.41800990424868667,232211.0,133907.0,3.0,3.0,16896
20260716_agenttrace_closed_loop_sketch_oracle_future_value_k2_rep8,agenttrace_admission_oracle_v4,trace_derived_simulation,86adc13cec5f5a186ade1082f0fb1da4944533a4,pagarsky/agent-trace: nl2bash_1_7B_20260403T211347Z,https://huggingface.co/datasets/pagarsky/agent-trace,Apache-2.0,250313ae096b0bb8c1986b6f571b68f4ff7617a12026db20214ad84188d12ae5,False,CPU-only; no live vLLM request,closed_loop,sketch,oracle_future_value,2,True,4,512,8,10,20260716,eaa15ded1a7793cfc70e1f55234842745030d0e5f9d40c1a476069fdb5fea6c9,512,128,128,structural agent-turn replay; Oracle-K is offline diagnosis only; no raw source text and no live latency.,UpperBoundOnly,384,0.0546875,0.3984936990317182,205753.0,107449.0,2.0,2.0,768
20260716_agenttrace_closed_loop_sketch_oracle_future_value_k4_rep8,agenttrace_admission_oracle_v4,trace_derived_simulation,86adc13cec5f5a186ade1082f0fb1da4944533a4,pagarsky/agent-trace: nl2bash_1_7B_20260403T211347Z,https://huggingface.co/datasets/pagarsky/agent-trace,Apache-2.0,250313ae096b0bb8c1986b6f571b68f4ff7617a12026db20214ad84188d12ae5,False,CPU-only; no live vLLM request,closed_loop,sketch,oracle_future_value,4,True,4,512,8,10,20260716,eaa15ded1a7793cfc70e1f55234842745030d0e5f9d40c1a476069fdb5fea6c9,512,128,128,structural agent-turn replay; Oracle-K is offline diagnosis only; no raw source text and no live latency.,UpperBoundOnly,384,0.07291666666666667,0.4018811502035932,211081.0,112777.0,2.0,2.0,1024
20260716_agenttrace_closed_loop_sketch_oracle_future_value_k8_rep8,agenttrace_admission_oracle_v4,trace_derived_simulation,86adc13cec5f5a186ade1082f0fb1da4944533a4,pagarsky/agent-trace: nl2bash_1_7B_20260403T211347Z,https://huggingface.co/datasets/pagarsky/agent-trace,Apache-2.0,250313ae096b0bb8c1986b6f571b68f4ff7617a12026db20214ad84188d12ae5,False,CPU-only; no live vLLM request,closed_loop,sketch,oracle_future_value,8,True,4,512,8,10,20260716,eaa15ded1a7793cfc70e1f55234842745030d0e5f9d40c1a476069fdb5fea6c9,512,128,128,structural agent-turn replay; Oracle-K is offline diagnosis only; no raw source text and no live latency.,UpperBoundOnly,384,0.09895833333333333,0.40670295348182756,218134.0,119830.0,2.0,2.0,1536
20260716_agenttrace_closed_loop_sketch_oracle_future_value_k16_rep8,agenttrace_admission_oracle_v4,trace_derived_simulation,86adc13cec5f5a186ade1082f0fb1da4944533a4,pagarsky/agent-trace: nl2bash_1_7B_20260403T211347Z,https://huggingface.co/datasets/pagarsky/agent-trace,Apache-2.0,250313ae096b0bb8c1986b6f571b68f4ff7617a12026db20214ad84188d12ae5,False,CPU-only; no live vLLM request,closed_loop,sketch,oracle_future_value,16,True,4,512,8,10,20260716,eaa15ded1a7793cfc70e1f55234842745030d0e5f9d40c1a476069fdb5fea6c9,512,128,128,structural agent-turn replay; Oracle-K is offline diagnosis only; no raw source text and no live latency.,UpperBoundOnly,384,0.15104166666666666,0.41800990424868667,232211.0,133907.0,2.0,2.0,2560
20260716_agenttrace_closed_loop_sketch_oracle_future_value_k32_rep8,agenttrace_admission_oracle_v4,trace_derived_simulation,86adc13cec5f5a186ade1082f0fb1da4944533a4,pagarsky/agent-trace: nl2bash_1_7B_20260403T211347Z,https://huggingface.co/datasets/pagarsky/agent-trace,Apache-2.0,250313ae096b0bb8c1986b6f571b68f4ff7617a12026db20214ad84188d12ae5,False,CPU-only; no live vLLM request,closed_loop,sketch,oracle_future_value,32,True,4,512,8,10,20260716,eaa15ded1a7793cfc70e1f55234842745030d0e5f9d40c1a476069fdb5fea6c9,512,128,128,structural agent-turn replay; Oracle-K is offline diagnosis only; no raw source text and no live latency.,UpperBoundOnly,384,0.15104166666666666,0.41800990424868667,232211.0,133907.0,2.0,2.0,4608
20260716_agenttrace_closed_loop_sketch_oracle_future_value_k64_rep8,agenttrace_admission_oracle_v4,trace_derived_simulation,86adc13cec5f5a186ade1082f0fb1da4944533a4,pagarsky/agent-trace: nl2bash_1_7B_20260403T211347Z,https://huggingface.co/datasets/pagarsky/agent-trace,Apache-2.0,250313ae096b0bb8c1986b6f571b68f4ff7617a12026db20214ad84188d12ae5,False,CPU-only; no live vLLM request,closed_loop,sketch,oracle_future_value,64,True,4,512,8,10,20260716,eaa15ded1a7793cfc70e1f55234842745030d0e5f9d40c1a476069fdb5fea6c9,512,128,128,structural agent-turn replay; Oracle-K is offline diagnosis only; no raw source text and no live latency.,UpperBoundOnly,384,0.15104166666666666,0.41800990424868667,232211.0,133907.0,3.0,3.0,8704
20260716_agenttrace_closed_loop_sketch_oracle_future_value_k128_rep8,agenttrace_admission_oracle_v4,trace_derived_simulation,86adc13cec5f5a186ade1082f0fb1da4944533a4,pagarsky/agent-trace: nl2bash_1_7B_20260403T211347Z,https://huggingface.co/datasets/pagarsky/agent-trace,Apache-2.0,250313ae096b0bb8c1986b6f571b68f4ff7617a12026db20214ad84188d12ae5,False,CPU-only; no live vLLM request,closed_loop,sketch,oracle_future_value,128,True,4,512,8,10,20260716,eaa15ded1a7793cfc70e1f55234842745030d0e5f9d40c1a476069fdb5fea6c9,512,128,128,structural agent-turn replay; Oracle-K is offline diagnosis only; no raw source text and no live latency.,UpperBoundOnly,384,0.15104166666666666,0.41800990424868667,232211.0,133907.0,3.0,3.0,16896
20260716_agenttrace_frozen_load_only_kinf_rep9,agenttrace_admission_oracle_v4,trace_derived_simulation,86adc13cec5f5a186ade1082f0fb1da4944533a4,pagarsky/agent-trace: nl2bash_1_7B_20260403T211347Z,https://huggingface.co/datasets/pagarsky/agent-trace,Apache-2.0,250313ae096b0bb8c1986b6f571b68f4ff7617a12026db20214ad84188d12ae5,False,CPU-only; no live vLLM request,frozen,load_only,none,inf,False,4,512,9,10,20260716,535a89155c291e366f66e27e64a196702563ed516e18deeeec707f894f280235,512,128,128,structural agent-turn replay; Oracle-K is offline diagnosis only; no raw source text and no live latency.,Current,384,0.0,0.3204920967505042,100705.0,2401.0,0.0,0.0,384
20260716_agenttrace_frozen_exact_kinf_rep9,agenttrace_admission_oracle_v4,trace_derived_simulation,86adc13cec5f5a186ade1082f0fb1da4944533a4,pagarsky/agent-trace: nl2bash_1_7B_20260403T211347Z,https://huggingface.co/datasets/pagarsky/agent-trace,Apache-2.0,250313ae096b0bb8c1986b6f571b68f4ff7617a12026db20214ad84188d12ae5,False,CPU-only; no live vLLM request,frozen,exact,exact,inf,False,4,512,9,10,20260716,535a89155c291e366f66e27e64a196702563ed516e18deeeec707f894f280235,512,128,128,structural agent-turn replay; Oracle-K is offline diagnosis only; no raw source text and no live latency.,Current,384,1.0,0.32888058269478965,107330.0,9026.0,4.0,4.0,10176
20260716_agenttrace_frozen_sketch_lru_k2_rep9,agenttrace_admission_oracle_v4,trace_derived_simulation,86adc13cec5f5a186ade1082f0fb1da4944533a4,pagarsky/agent-trace: nl2bash_1_7B_20260403T211347Z,https://huggingface.co/datasets/pagarsky/agent-trace,Apache-2.0,250313ae096b0bb8c1986b6f571b68f4ff7617a12026db20214ad84188d12ae5,False,CPU-only; no live vLLM request,frozen,sketch,lru,2,False,4,512,9,10,20260716,535a89155c291e366f66e27e64a196702563ed516e18deeeec707f894f280235,512,128,128,structural agent-turn replay; Oracle-K is offline diagnosis only; no raw source text and no live latency.,Current,384,0.0,0.32007423651113487,100301.0,1997.0,0.0,0.0,896
20260716_agenttrace_frozen_sketch_lru_k4_rep9,agenttrace_admission_oracle_v4,trace_derived_simulation,86adc13cec5f5a186ade1082f0fb1da4944533a4,pagarsky/agent-trace: nl2bash_1_7B_20260403T211347Z,https://huggingface.co/datasets/pagarsky/agent-trace,Apache-2.0,250313ae096b0bb8c1986b6f571b68f4ff7617a12026db20214ad84188d12ae5,False,CPU-only; no live vLLM request,frozen,sketch,lru,4,False,4,512,9,10,20260716,535a89155c291e366f66e27e64a196702563ed516e18deeeec707f894f280235,512,128,128,structural agent-turn replay; Oracle-K is offline diagnosis only; no raw source text and no live latency.,Current,384,0.0,0.3199874239074006,99976.0,1672.0,0.0,0.0,1408
20260716_agenttrace_frozen_sketch_lru_k8_rep9,agenttrace_admission_oracle_v4,trace_derived_simulation,86adc13cec5f5a186ade1082f0fb1da4944533a4,pagarsky/agent-trace: nl2bash_1_7B_20260403T211347Z,https://huggingface.co/datasets/pagarsky/agent-trace,Apache-2.0,250313ae096b0bb8c1986b6f571b68f4ff7617a12026db20214ad84188d12ae5,False,CPU-only; no live vLLM request,frozen,sketch,lru,8,False,4,512,9,10,20260716,535a89155c291e366f66e27e64a196702563ed516e18deeeec707f894f280235,512,128,128,structural agent-turn replay; Oracle-K is offline diagnosis only; no raw source text and no live latency.,Current,384,0.0,0.32095216630314855,101235.0,2931.0,1.0,1.0,2432
20260716_agenttrace_frozen_sketch_lru_k16_rep9,agenttrace_admission_oracle_v4,trace_derived_simulation,86adc13cec5f5a186ade1082f0fb1da4944533a4,pagarsky/agent-trace: nl2bash_1_7B_20260403T211347Z,https://huggingface.co/datasets/pagarsky/agent-trace,Apache-2.0,250313ae096b0bb8c1986b6f571b68f4ff7617a12026db20214ad84188d12ae5,False,CPU-only; no live vLLM request,frozen,sketch,lru,16,False,4,512,9,10,20260716,535a89155c291e366f66e27e64a196702563ed516e18deeeec707f894f280235,512,128,128,structural agent-turn replay; Oracle-K is offline diagnosis only; no raw source text and no live latency.,Current,384,0.0,0.3201768385509016,100436.0,2132.0,1.0,1.0,4480
20260716_agenttrace_frozen_sketch_lru_k32_rep9,agenttrace_admission_oracle_v4,trace_derived_simulation,86adc13cec5f5a186ade1082f0fb1da4944533a4,pagarsky/agent-trace: nl2bash_1_7B_20260403T211347Z,https://huggingface.co/datasets/pagarsky/agent-trace,Apache-2.0,250313ae096b0bb8c1986b6f571b68f4ff7617a12026db20214ad84188d12ae5,False,CPU-only; no live vLLM request,frozen,sketch,lru,32,False,4,512,9,10,20260716,535a89155c291e366f66e27e64a196702563ed516e18deeeec707f894f280235,512,128,128,structural agent-turn replay; Oracle-K is offline diagnosis only; no raw source text and no live latency.,Current,384,0.0,0.32005721105859664,100218.0,1914.0,1.0,1.0,8576
20260716_agenttrace_frozen_sketch_lru_k64_rep9,agenttrace_admission_oracle_v4,trace_derived_simulation,86adc13cec5f5a186ade1082f0fb1da4944533a4,pagarsky/agent-trace: nl2bash_1_7B_20260403T211347Z,https://huggingface.co/datasets/pagarsky/agent-trace,Apache-2.0,250313ae096b0bb8c1986b6f571b68f4ff7617a12026db20214ad84188d12ae5,False,CPU-only; no live vLLM request,frozen,sketch,lru,64,False,4,512,9,10,20260716,535a89155c291e366f66e27e64a196702563ed516e18deeeec707f894f280235,512,128,128,structural agent-turn replay; Oracle-K is offline diagnosis only; no raw source text and no live latency.,Current,384,0.0,0.3208029190369181,100838.0,2534.0,4.0,4.0,10176
20260716_agenttrace_frozen_sketch_lru_k128_rep9,agenttrace_admission_oracle_v4,trace_derived_simulation,86adc13cec5f5a186ade1082f0fb1da4944533a4,pagarsky/agent-trace: nl2bash_1_7B_20260403T211347Z,https://huggingface.co/datasets/pagarsky/agent-trace,Apache-2.0,250313ae096b0bb8c1986b6f571b68f4ff7617a12026db20214ad84188d12ae5,False,CPU-only; no live vLLM request,frozen,sketch,lru,128,False,4,512,9,10,20260716,535a89155c291e366f66e27e64a196702563ed516e18deeeec707f894f280235,512,128,128,structural agent-turn replay; Oracle-K is offline diagnosis only; no raw source text and no live latency.,Current,384,0.0,0.3208029190369181,100838.0,2534.0,4.0,4.0,10176
20260716_agenttrace_frozen_sketch_lfu_k2_rep9,agenttrace_admission_oracle_v4,trace_derived_simulation,86adc13cec5f5a186ade1082f0fb1da4944533a4,pagarsky/agent-trace: nl2bash_1_7B_20260403T211347Z,https://huggingface.co/datasets/pagarsky/agent-trace,Apache-2.0,250313ae096b0bb8c1986b6f571b68f4ff7617a12026db20214ad84188d12ae5,False,CPU-only; no live vLLM request,frozen,sketch,lfu,2,False,4,512,9,10,20260716,535a89155c291e366f66e27e64a196702563ed516e18deeeec707f894f280235,512,128,128,structural agent-turn replay; Oracle-K is offline diagnosis only; no raw source text and no live latency.,Current,384,0.0,0.3208029190369181,100838.0,2534.0,4.0,4.0,896
20260716_agenttrace_frozen_sketch_lfu_k4_rep9,agenttrace_admission_oracle_v4,trace_derived_simulation,86adc13cec5f5a186ade1082f0fb1da4944533a4,pagarsky/agent-trace: nl2bash_1_7B_20260403T211347Z,https://huggingface.co/datasets/pagarsky/agent-trace,Apache-2.0,250313ae096b0bb8c1986b6f571b68f4ff7617a12026db20214ad84188d12ae5,False,CPU-only; no live vLLM request,frozen,sketch,lfu,4,False,4,512,9,10,20260716,535a89155c291e366f66e27e64a196702563ed516e18deeeec707f894f280235,512,128,128,structural agent-turn replay; Oracle-K is offline diagnosis only; no raw source text and no live latency.,Current,384,0.0,0.3208029190369181,100838.0,2534.0,4.0,4.0,1408
20260716_agenttrace_frozen_sketch_lfu_k8_rep9,agenttrace_admission_oracle_v4,trace_derived_simulation,86adc13cec5f5a186ade1082f0fb1da4944533a4,pagarsky/agent-trace: nl2bash_1_7B_20260403T211347Z,https://huggingface.co/datasets/pagarsky/agent-trace,Apache-2.0,250313ae096b0bb8c1986b6f571b68f4ff7617a12026db20214ad84188d12ae5,False,CPU-only; no live vLLM request,frozen,sketch,lfu,8,False,4,512,9,10,20260716,535a89155c291e366f66e27e64a196702563ed516e18deeeec707f894f280235,512,128,128,structural agent-turn replay; Oracle-K is offline diagnosis only; no raw source text and no live latency.,Current,384,0.0,0.3208029190369181,100838.0,2534.0,4.0,4.0,2432
20260716_agenttrace_frozen_sketch_lfu_k16_rep9,agenttrace_admission_oracle_v4,trace_derived_simulation,86adc13cec5f5a186ade1082f0fb1da4944533a4,pagarsky/agent-trace: nl2bash_1_7B_20260403T211347Z,https://huggingface.co/datasets/pagarsky/agent-trace,Apache-2.0,250313ae096b0bb8c1986b6f571b68f4ff7617a12026db20214ad84188d12ae5,False,CPU-only; no live vLLM request,frozen,sketch,lfu,16,False,4,512,9,10,20260716,535a89155c291e366f66e27e64a196702563ed516e18deeeec707f894f280235,512,128,128,structural agent-turn replay; Oracle-K is offline diagnosis only; no raw source text and no live latency.,Current,384,0.0,0.3208029190369181,100838.0,2534.0,4.0,4.0,4480
20260716_agenttrace_frozen_sketch_lfu_k32_rep9,agenttrace_admission_oracle_v4,trace_derived_simulation,86adc13cec5f5a186ade1082f0fb1da4944533a4,pagarsky/agent-trace: nl2bash_1_7B_20260403T211347Z,https://huggingface.co/datasets/pagarsky/agent-trace,Apache-2.0,250313ae096b0bb8c1986b6f571b68f4ff7617a12026db20214ad84188d12ae5,False,CPU-only; no live vLLM request,frozen,sketch,lfu,32,False,4,512,9,10,20260716,535a89155c291e366f66e27e64a196702563ed516e18deeeec707f894f280235,512,128,128,structural agent-turn replay; Oracle-K is offline diagnosis only; no raw source text and no live latency.,Current,384,0.0,0.3208029190369181,100838.0,2534.0,4.0,4.0,8576
20260716_agenttrace_frozen_sketch_lfu_k64_rep9,agenttrace_admission_oracle_v4,trace_derived_simulation,86adc13cec5f5a186ade1082f0fb1da4944533a4,pagarsky/agent-trace: nl2bash_1_7B_20260403T211347Z,https://huggingface.co/datasets/pagarsky/agent-trace,Apache-2.0,250313ae096b0bb8c1986b6f571b68f4ff7617a12026db20214ad84188d12ae5,False,CPU-only; no live vLLM request,frozen,sketch,lfu,64,False,4,512,9,10,20260716,535a89155c291e366f66e27e64a196702563ed516e18deeeec707f894f280235,512,128,128,structural agent-turn replay; Oracle-K is offline diagnosis only; no raw source text and no live latency.,Current,384,0.0,0.3208029190369181,100838.0,2534.0,4.0,4.0,10176
20260716_agenttrace_frozen_sketch_lfu_k128_rep9,agenttrace_admission_oracle_v4,trace_derived_simulation,86adc13cec5f5a186ade1082f0fb1da4944533a4,pagarsky/agent-trace: nl2bash_1_7B_20260403T211347Z,https://huggingface.co/datasets/pagarsky/agent-trace,Apache-2.0,250313ae096b0bb8c1986b6f571b68f4ff7617a12026db20214ad84188d12ae5,False,CPU-only; no live vLLM request,frozen,sketch,lfu,128,False,4,512,9,10,20260716,535a89155c291e366f66e27e64a196702563ed516e18deeeec707f894f280235,512,128,128,structural agent-turn replay; Oracle-K is offline diagnosis only; no raw source text and no live latency.,Current,384,0.0,0.3208029190369181,100838.0,2534.0,4.0,4.0,10176
20260716_agenttrace_frozen_sketch_coverage_first_k2_rep9,agenttrace_admission_oracle_v4,trace_derived_simulation,86adc13cec5f5a186ade1082f0fb1da4944533a4,pagarsky/agent-trace: nl2bash_1_7B_20260403T211347Z,https://huggingface.co/datasets/pagarsky/agent-trace,Apache-2.0,250313ae096b0bb8c1986b6f571b68f4ff7617a12026db20214ad84188d12ae5,False,CPU-only; no live vLLM request,frozen,sketch,coverage_first,2,False,4,512,9,10,20260716,535a89155c291e366f66e27e64a196702563ed516e18deeeec707f894f280235,512,128,128,structural agent-turn replay; Oracle-K is offline diagnosis only; no raw source text and no live latency.,Current,384,0.0,0.3213216139015291,100957.0,2653.0,0.0,0.0,896
20260716_agenttrace_frozen_sketch_coverage_first_k4_rep9,agenttrace_admission_oracle_v4,trace_derived_simulation,86adc13cec5f5a186ade1082f0fb1da4944533a4,pagarsky/agent-trace: nl2bash_1_7B_20260403T211347Z,https://huggingface.co/datasets/pagarsky/agent-trace,Apache-2.0,250313ae096b0bb8c1986b6f571b68f4ff7617a12026db20214ad84188d12ae5,False,CPU-only; no live vLLM request,frozen,sketch,coverage_first,4,False,4,512,9,10,20260716,535a89155c291e366f66e27e64a196702563ed516e18deeeec707f894f280235,512,128,128,structural agent-turn replay; Oracle-K is offline diagnosis only; no raw source text and no live latency.,Current,384,0.0,0.3214148958273214,101304.0,3000.0,1.0,1.0,1408
20260716_agenttrace_frozen_sketch_coverage_first_k8_rep9,agenttrace_admission_oracle_v4,trace_derived_simulation,86adc13cec5f5a186ade1082f0fb1da4944533a4,pagarsky/agent-trace: nl2bash_1_7B_20260403T211347Z,https://huggingface.co/datasets/pagarsky/agent-trace,Apache-2.0,250313ae096b0bb8c1986b6f571b68f4ff7617a12026db20214ad84188d12ae5,False,CPU-only; no live vLLM request,frozen,sketch,coverage_first,8,False,4,512,9,10,20260716,535a89155c291e366f66e27e64a196702563ed516e18deeeec707f894f280235,512,128,128,structural agent-turn replay; Oracle-K is offline diagnosis only; no raw source text and no live latency.,Current,384,0.0,0.3198621244552338,100216.0,1912.0,1.0,1.0,2432
20260716_agenttrace_frozen_sketch_coverage_first_k16_rep9,agenttrace_admission_oracle_v4,trace_derived_simulation,86adc13cec5f5a186ade1082f0fb1da4944533a4,pagarsky/agent-trace: nl2bash_1_7B_20260403T211347Z,https://huggingface.co/datasets/pagarsky/agent-trace,Apache-2.0,250313ae096b0bb8c1986b6f571b68f4ff7617a12026db20214ad84188d12ae5,False,CPU-only; no live vLLM request,frozen,sketch,coverage_first,16,False,4,512,9,10,20260716,535a89155c291e366f66e27e64a196702563ed516e18deeeec707f894f280235,512,128,128,structural agent-turn replay; Oracle-K is offline diagnosis only; no raw source text and no live latency.,Current,384,0.0,0.32019887810824055,100392.0,2088.0,1.0,1.0,4480
20260716_agenttrace_frozen_sketch_coverage_first_k32_rep9,agenttrace_admission_oracle_v4,trace_derived_simulation,86adc13cec5f5a186ade1082f0fb1da4944533a4,pagarsky/agent-trace: nl2bash_1_7B_20260403T211347Z,https://huggingface.co/datasets/pagarsky/agent-trace,Apache-2.0,250313ae096b0bb8c1986b6f571b68f4ff7617a12026db20214ad84188d12ae5,False,CPU-only; no live vLLM request,frozen,sketch,coverage_first,32,False,4,512,9,10,20260716,535a89155c291e366f66e27e64a196702563ed516e18deeeec707f894f280235,512,128,128,structural agent-turn replay; Oracle-K is offline diagnosis only; no raw source text and no live latency.,Current,384,0.0,0.3205615937108334,101170.0,2866.0,1.0,1.0,8576
20260716_agenttrace_frozen_sketch_coverage_first_k64_rep9,agenttrace_admission_oracle_v4,trace_derived_simulation,86adc13cec5f5a186ade1082f0fb1da4944533a4,pagarsky/agent-trace: nl2bash_1_7B_20260403T211347Z,https://huggingface.co/datasets/pagarsky/agent-trace,Apache-2.0,250313ae096b0bb8c1986b6f571b68f4ff7617a12026db20214ad84188d12ae5,False,CPU-only; no live vLLM request,frozen,sketch,coverage_first,64,False,4,512,9,10,20260716,535a89155c291e366f66e27e64a196702563ed516e18deeeec707f894f280235,512,128,128,structural agent-turn replay; Oracle-K is offline diagnosis only; no raw source text and no live latency.,Current,384,0.0,0.3208029190369181,100838.0,2534.0,4.0,4.0,10176
20260716_agenttrace_frozen_sketch_coverage_first_k128_rep9,agenttrace_admission_oracle_v4,trace_derived_simulation,86adc13cec5f5a186ade1082f0fb1da4944533a4,pagarsky/agent-trace: nl2bash_1_7B_20260403T211347Z,https://huggingface.co/datasets/pagarsky/agent-trace,Apache-2.0,250313ae096b0bb8c1986b6f571b68f4ff7617a12026db20214ad84188d12ae5,False,CPU-only; no live vLLM request,frozen,sketch,coverage_first,128,False,4,512,9,10,20260716,535a89155c291e366f66e27e64a196702563ed516e18deeeec707f894f280235,512,128,128,structural agent-turn replay; Oracle-K is offline diagnosis only; no raw source text and no live latency.,Current,384,0.0,0.3208029190369181,100838.0,2534.0,4.0,4.0,10176
20260716_agenttrace_frozen_sketch_saved_prefill_first_k2_rep9,agenttrace_admission_oracle_v4,trace_derived_simulation,86adc13cec5f5a186ade1082f0fb1da4944533a4,pagarsky/agent-trace: nl2bash_1_7B_20260403T211347Z,https://huggingface.co/datasets/pagarsky/agent-trace,Apache-2.0,250313ae096b0bb8c1986b6f571b68f4ff7617a12026db20214ad84188d12ae5,False,CPU-only; no live vLLM request,frozen,sketch,saved_prefill_first,2,False,4,512,9,10,20260716,535a89155c291e366f66e27e64a196702563ed516e18deeeec707f894f280235,512,128,128,structural agent-turn replay; Oracle-K is offline diagnosis only; no raw source text and no live latency.,Current,384,0.0,0.3208029190369181,100838.0,2534.0,4.0,4.0,896
20260716_agenttrace_frozen_sketch_saved_prefill_first_k4_rep9,agenttrace_admission_oracle_v4,trace_derived_simulation,86adc13cec5f5a186ade1082f0fb1da4944533a4,pagarsky/agent-trace: nl2bash_1_7B_20260403T211347Z,https://huggingface.co/datasets/pagarsky/agent-trace,Apache-2.0,250313ae096b0bb8c1986b6f571b68f4ff7617a12026db20214ad84188d12ae5,False,CPU-only; no live vLLM request,frozen,sketch,saved_prefill_first,4,False,4,512,9,10,20260716,535a89155c291e366f66e27e64a196702563ed516e18deeeec707f894f280235,512,128,128,structural agent-turn replay; Oracle-K is offline diagnosis only; no raw source text and no live latency.,Current,384,0.0,0.3208029190369181,100838.0,2534.0,4.0,4.0,1408
20260716_agenttrace_frozen_sketch_saved_prefill_first_k8_rep9,agenttrace_admission_oracle_v4,trace_derived_simulation,86adc13cec5f5a186ade1082f0fb1da4944533a4,pagarsky/agent-trace: nl2bash_1_7B_20260403T211347Z,https://huggingface.co/datasets/pagarsky/agent-trace,Apache-2.0,250313ae096b0bb8c1986b6f571b68f4ff7617a12026db20214ad84188d12ae5,False,CPU-only; no live vLLM request,frozen,sketch,saved_prefill_first,8,False,4,512,9,10,20260716,535a89155c291e366f66e27e64a196702563ed516e18deeeec707f894f280235,512,128,128,structural agent-turn replay; Oracle-K is offline diagnosis only; no raw source text and no live latency.,Current,384,0.0,0.3208029190369181,100838.0,2534.0,4.0,4.0,2432
20260716_agenttrace_frozen_sketch_saved_prefill_first_k16_rep9,agenttrace_admission_oracle_v4,trace_derived_simulation,86adc13cec5f5a186ade1082f0fb1da4944533a4,pagarsky/agent-trace: nl2bash_1_7B_20260403T211347Z,https://huggingface.co/datasets/pagarsky/agent-trace,Apache-2.0,250313ae096b0bb8c1986b6f571b68f4ff7617a12026db20214ad84188d12ae5,False,CPU-only; no live vLLM request,frozen,sketch,saved_prefill_first,16,False,4,512,9,10,20260716,535a89155c291e366f66e27e64a196702563ed516e18deeeec707f894f280235,512,128,128,structural agent-turn replay; Oracle-K is offline diagnosis only; no raw source text and no live latency.,Current,384,0.0,0.3208029190369181,100838.0,2534.0,4.0,4.0,4480
20260716_agenttrace_frozen_sketch_saved_prefill_first_k32_rep9,agenttrace_admission_oracle_v4,trace_derived_simulation,86adc13cec5f5a186ade1082f0fb1da4944533a4,pagarsky/agent-trace: nl2bash_1_7B_20260403T211347Z,https://huggingface.co/datasets/pagarsky/agent-trace,Apache-2.0,250313ae096b0bb8c1986b6f571b68f4ff7617a12026db20214ad84188d12ae5,False,CPU-only; no live vLLM request,frozen,sketch,saved_prefill_first,32,False,4,512,9,10,20260716,535a89155c291e366f66e27e64a196702563ed516e18deeeec707f894f280235,512,128,128,structural agent-turn replay; Oracle-K is offline diagnosis only; no raw source text and no live latency.,Current,384,0.0,0.3208029190369181,100838.0,2534.0,4.0,4.0,8576
20260716_agenttrace_frozen_sketch_saved_prefill_first_k64_rep9,agenttrace_admission_oracle_v4,trace_derived_simulation,86adc13cec5f5a186ade1082f0fb1da4944533a4,pagarsky/agent-trace: nl2bash_1_7B_20260403T211347Z,https://huggingface.co/datasets/pagarsky/agent-trace,Apache-2.0,250313ae096b0bb8c1986b6f571b68f4ff7617a12026db20214ad84188d12ae5,False,CPU-only; no live vLLM request,frozen,sketch,saved_prefill_first,64,False,4,512,9,10,20260716,535a89155c291e366f66e27e64a196702563ed516e18deeeec707f894f280235,512,128,128,structural agent-turn replay; Oracle-K is offline diagnosis only; no raw source text and no live latency.,Current,384,0.0,0.3208029190369181,100838.0,2534.0,4.0,4.0,10176
20260716_agenttrace_frozen_sketch_saved_prefill_first_k128_rep9,agenttrace_admission_oracle_v4,trace_derived_simulation,86adc13cec5f5a186ade1082f0fb1da4944533a4,pagarsky/agent-trace: nl2bash_1_7B_20260403T211347Z,https://huggingface.co/datasets/pagarsky/agent-trace,Apache-2.0,250313ae096b0bb8c1986b6f571b68f4ff7617a12026db20214ad84188d12ae5,False,CPU-only; no live vLLM request,frozen,sketch,saved_prefill_first,128,False,4,512,9,10,20260716,535a89155c291e366f66e27e64a196702563ed516e18deeeec707f894f280235,512,128,128,structural agent-turn replay; Oracle-K is offline diagnosis only; no raw source text and no live latency.,Current,384,0.0,0.3208029190369181,100838.0,2534.0,4.0,4.0,10176
20260716_agenttrace_frozen_sketch_reuse_distance_k2_rep9,agenttrace_admission_oracle_v4,trace_derived_simulation,86adc13cec5f5a186ade1082f0fb1da4944533a4,pagarsky/agent-trace: nl2bash_1_7B_20260403T211347Z,https://huggingface.co/datasets/pagarsky/agent-trace,Apache-2.0,250313ae096b0bb8c1986b6f571b68f4ff7617a12026db20214ad84188d12ae5,False,CPU-only; no live vLLM request,frozen,sketch,reuse_distance,2,False,4,512,9,10,20260716,535a89155c291e366f66e27e64a196702563ed516e18deeeec707f894f280235,512,128,128,structural agent-turn replay; Oracle-K is offline diagnosis only; no raw source text and no live latency.,Current,384,0.0,0.3213216139015291,100957.0,2653.0,0.0,0.0,896
20260716_agenttrace_frozen_sketch_reuse_distance_k4_rep9,agenttrace_admission_oracle_v4,trace_derived_simulation,86adc13cec5f5a186ade1082f0fb1da4944533a4,pagarsky/agent-trace: nl2bash_1_7B_20260403T211347Z,https://huggingface.co/datasets/pagarsky/agent-trace,Apache-2.0,250313ae096b0bb8c1986b6f571b68f4ff7617a12026db20214ad84188d12ae5,False,CPU-only; no live vLLM request,frozen,sketch,reuse_distance,4,False,4,512,9,10,20260716,535a89155c291e366f66e27e64a196702563ed516e18deeeec707f894f280235,512,128,128,structural agent-turn replay; Oracle-K is offline diagnosis only; no raw source text and no live latency.,Current,384,0.0,0.3214148958273214,101304.0,3000.0,1.0,1.0,1408
20260716_agenttrace_frozen_sketch_reuse_distance_k8_rep9,agenttrace_admission_oracle_v4,trace_derived_simulation,86adc13cec5f5a186ade1082f0fb1da4944533a4,pagarsky/agent-trace: nl2bash_1_7B_20260403T211347Z,https://huggingface.co/datasets/pagarsky/agent-trace,Apache-2.0,250313ae096b0bb8c1986b6f571b68f4ff7617a12026db20214ad84188d12ae5,False,CPU-only; no live vLLM request,frozen,sketch,reuse_distance,8,False,4,512,9,10,20260716,535a89155c291e366f66e27e64a196702563ed516e18deeeec707f894f280235,512,128,128,structural agent-turn replay; Oracle-K is offline diagnosis only; no raw source text and no live latency.,Current,384,0.0,0.3195879190885067,99879.0,1575.0,1.0,1.0,2432
20260716_agenttrace_frozen_sketch_reuse_distance_k16_rep9,agenttrace_admission_oracle_v4,trace_derived_simulation,86adc13cec5f5a186ade1082f0fb1da4944533a4,pagarsky/agent-trace: nl2bash_1_7B_20260403T211347Z,https://huggingface.co/datasets/pagarsky/agent-trace,Apache-2.0,250313ae096b0bb8c1986b6f571b68f4ff7617a12026db20214ad84188d12ae5,False,CPU-only; no live vLLM request,frozen,sketch,reuse_distance,16,False,4,512,9,10,20260716,535a89155c291e366f66e27e64a196702563ed516e18deeeec707f894f280235,512,128,128,structural agent-turn replay; Oracle-K is offline diagnosis only; no raw source text and no live latency.,Current,384,0.0,0.3209470883289251,101037.0,2733.0,1.0,1.0,4480
20260716_agenttrace_frozen_sketch_reuse_distance_k32_rep9,agenttrace_admission_oracle_v4,trace_derived_simulation,86adc13cec5f5a186ade1082f0fb1da4944533a4,pagarsky/agent-trace: nl2bash_1_7B_20260403T211347Z,https://huggingface.co/datasets/pagarsky/agent-trace,Apache-2.0,250313ae096b0bb8c1986b6f571b68f4ff7617a12026db20214ad84188d12ae5,False,CPU-only; no live vLLM request,frozen,sketch,reuse_distance,32,False,4,512,9,10,20260716,535a89155c291e366f66e27e64a196702563ed516e18deeeec707f894f280235,512,128,128,structural agent-turn replay; Oracle-K is offline diagnosis only; no raw source text and no live latency.,Current,384,0.0,0.320000950545226,100268.0,1964.0,1.0,1.0,8576
20260716_agenttrace_frozen_sketch_reuse_distance_k64_rep9,agenttrace_admission_oracle_v4,trace_derived_simulation,86adc13cec5f5a186ade1082f0fb1da4944533a4,pagarsky/agent-trace: nl2bash_1_7B_20260403T211347Z,https://huggingface.co/datasets/pagarsky/agent-trace,Apache-2.0,250313ae096b0bb8c1986b6f571b68f4ff7617a12026db20214ad84188d12ae5,False,CPU-only; no live vLLM request,frozen,sketch,reuse_distance,64,False,4,512,9,10,20260716,535a89155c291e366f66e27e64a196702563ed516e18deeeec707f894f280235,512,128,128,structural agent-turn replay; Oracle-K is offline diagnosis only; no raw source text and no live latency.,Current,384,0.0,0.3208029190369181,100838.0,2534.0,4.0,4.0,10176
20260716_agenttrace_frozen_sketch_reuse_distance_k128_rep9,agenttrace_admission_oracle_v4,trace_derived_simulation,86adc13cec5f5a186ade1082f0fb1da4944533a4,pagarsky/agent-trace: nl2bash_1_7B_20260403T211347Z,https://huggingface.co/datasets/pagarsky/agent-trace,Apache-2.0,250313ae096b0bb8c1986b6f571b68f4ff7617a12026db20214ad84188d12ae5,False,CPU-only; no live vLLM request,frozen,sketch,reuse_distance,128,False,4,512,9,10,20260716,535a89155c291e366f66e27e64a196702563ed516e18deeeec707f894f280235,512,128,128,structural agent-turn replay; Oracle-K is offline diagnosis only; no raw source text and no live latency.,Current,384,0.0,0.3208029190369181,100838.0,2534.0,4.0,4.0,10176
20260716_agenttrace_frozen_sketch_oracle_future_value_k2_rep9,agenttrace_admission_oracle_v4,trace_derived_simulation,86adc13cec5f5a186ade1082f0fb1da4944533a4,pagarsky/agent-trace: nl2bash_1_7B_20260403T211347Z,https://huggingface.co/datasets/pagarsky/agent-trace,Apache-2.0,250313ae096b0bb8c1986b6f571b68f4ff7617a12026db20214ad84188d12ae5,False,CPU-only; no live vLLM request,frozen,sketch,oracle_future_value,2,True,4,512,9,10,20260716,535a89155c291e366f66e27e64a196702563ed516e18deeeec707f894f280235,512,128,128,structural agent-turn replay; Oracle-K is offline diagnosis only; no raw source text and no live latency.,UpperBoundOnly,384,0.0,0.3210037082800531,101160.0,2856.0,1.0,1.0,896
20260716_agenttrace_frozen_sketch_oracle_future_value_k4_rep9,agenttrace_admission_oracle_v4,trace_derived_simulation,86adc13cec5f5a186ade1082f0fb1da4944533a4,pagarsky/agent-trace: nl2bash_1_7B_20260403T211347Z,https://huggingface.co/datasets/pagarsky/agent-trace,Apache-2.0,250313ae096b0bb8c1986b6f571b68f4ff7617a12026db20214ad84188d12ae5,False,CPU-only; no live vLLM request,frozen,sketch,oracle_future_value,4,True,4,512,9,10,20260716,535a89155c291e366f66e27e64a196702563ed516e18deeeec707f894f280235,512,128,128,structural agent-turn replay; Oracle-K is offline diagnosis only; no raw source text and no live latency.,UpperBoundOnly,384,0.0,0.3200297761799671,100217.0,1913.0,1.0,1.0,1408
20260716_agenttrace_frozen_sketch_oracle_future_value_k8_rep9,agenttrace_admission_oracle_v4,trace_derived_simulation,86adc13cec5f5a186ade1082f0fb1da4944533a4,pagarsky/agent-trace: nl2bash_1_7B_20260403T211347Z,https://huggingface.co/datasets/pagarsky/agent-trace,Apache-2.0,250313ae096b0bb8c1986b6f571b68f4ff7617a12026db20214ad84188d12ae5,False,CPU-only; no live vLLM request,frozen,sketch,oracle_future_value,8,True,4,512,9,10,20260716,535a89155c291e366f66e27e64a196702563ed516e18deeeec707f894f280235,512,128,128,structural agent-turn replay; Oracle-K is offline diagnosis only; no raw source text and no live latency.,UpperBoundOnly,384,0.0,0.3205852007417954,100786.0,2482.0,1.0,1.0,2432
20260716_agenttrace_frozen_sketch_oracle_future_value_k16_rep9,agenttrace_admission_oracle_v4,trace_derived_simulation,86adc13cec5f5a186ade1082f0fb1da4944533a4,pagarsky/agent-trace: nl2bash_1_7B_20260403T211347Z,https://huggingface.co/datasets/pagarsky/agent-trace,Apache-2.0,250313ae096b0bb8c1986b6f571b68f4ff7617a12026db20214ad84188d12ae5,False,CPU-only; no live vLLM request,frozen,sketch,oracle_future_value,16,True,4,512,9,10,20260716,535a89155c291e366f66e27e64a196702563ed516e18deeeec707f894f280235,512,128,128,structural agent-turn replay; Oracle-K is offline diagnosis only; no raw source text and no live latency.,UpperBoundOnly,384,0.0,0.3211975183937481,101135.0,2831.0,1.0,1.0,4480
20260716_agenttrace_frozen_sketch_oracle_future_value_k32_rep9,agenttrace_admission_oracle_v4,trace_derived_simulation,86adc13cec5f5a186ade1082f0fb1da4944533a4,pagarsky/agent-trace: nl2bash_1_7B_20260403T211347Z,https://huggingface.co/datasets/pagarsky/agent-trace,Apache-2.0,250313ae096b0bb8c1986b6f571b68f4ff7617a12026db20214ad84188d12ae5,False,CPU-only; no live vLLM request,frozen,sketch,oracle_future_value,32,True,4,512,9,10,20260716,535a89155c291e366f66e27e64a196702563ed516e18deeeec707f894f280235,512,128,128,structural agent-turn replay; Oracle-K is offline diagnosis only; no raw source text and no live latency.,UpperBoundOnly,384,0.0,0.3204155321670389,100334.0,2030.0,1.0,1.0,8576
20260716_agenttrace_frozen_sketch_oracle_future_value_k64_rep9,agenttrace_admission_oracle_v4,trace_derived_simulation,86adc13cec5f5a186ade1082f0fb1da4944533a4,pagarsky/agent-trace: nl2bash_1_7B_20260403T211347Z,https://huggingface.co/datasets/pagarsky/agent-trace,Apache-2.0,250313ae096b0bb8c1986b6f571b68f4ff7617a12026db20214ad84188d12ae5,False,CPU-only; no live vLLM request,frozen,sketch,oracle_future_value,64,True,4,512,9,10,20260716,535a89155c291e366f66e27e64a196702563ed516e18deeeec707f894f280235,512,128,128,structural agent-turn replay; Oracle-K is offline diagnosis only; no raw source text and no live latency.,UpperBoundOnly,384,0.0,0.3208029190369181,100838.0,2534.0,4.0,4.0,10176
20260716_agenttrace_frozen_sketch_oracle_future_value_k128_rep9,agenttrace_admission_oracle_v4,trace_derived_simulation,86adc13cec5f5a186ade1082f0fb1da4944533a4,pagarsky/agent-trace: nl2bash_1_7B_20260403T211347Z,https://huggingface.co/datasets/pagarsky/agent-trace,Apache-2.0,250313ae096b0bb8c1986b6f571b68f4ff7617a12026db20214ad84188d12ae5,False,CPU-only; no live vLLM request,frozen,sketch,oracle_future_value,128,True,4,512,9,10,20260716,535a89155c291e366f66e27e64a196702563ed516e18deeeec707f894f280235,512,128,128,structural agent-turn replay; Oracle-K is offline diagnosis only; no raw source text and no live latency.,UpperBoundOnly,384,0.0,0.3208029190369181,100838.0,2534.0,4.0,4.0,10176
20260716_agenttrace_closed_loop_load_only_kinf_rep9,agenttrace_admission_oracle_v4,trace_derived_simulation,86adc13cec5f5a186ade1082f0fb1da4944533a4,pagarsky/agent-trace: nl2bash_1_7B_20260403T211347Z,https://huggingface.co/datasets/pagarsky/agent-trace,Apache-2.0,250313ae096b0bb8c1986b6f571b68f4ff7617a12026db20214ad84188d12ae5,False,CPU-only; no live vLLM request,closed_loop,load_only,none,inf,False,4,512,9,10,20260716,535a89155c291e366f66e27e64a196702563ed516e18deeeec707f894f280235,512,128,128,structural agent-turn replay; Oracle-K is offline diagnosis only; no raw source text and no live latency.,Current,384,0.0,0.36397728411119473,165205.0,66901.0,0.0,0.0,384
20260716_agenttrace_closed_loop_exact_kinf_rep9,agenttrace_admission_oracle_v4,trace_derived_simulation,86adc13cec5f5a186ade1082f0fb1da4944533a4,pagarsky/agent-trace: nl2bash_1_7B_20260403T211347Z,https://huggingface.co/datasets/pagarsky/agent-trace,Apache-2.0,250313ae096b0bb8c1986b6f571b68f4ff7617a12026db20214ad84188d12ae5,False,CPU-only; no live vLLM request,closed_loop,exact,exact,inf,False,4,512,9,10,20260716,535a89155c291e366f66e27e64a196702563ed516e18deeeec707f894f280235,512,128,128,structural agent-turn replay; Oracle-K is offline diagnosis only; no raw source text and no live latency.,Current,384,0.140625,0.4094334204250838,231339.0,133035.0,3.0,3.0,16896
20260716_agenttrace_closed_loop_sketch_lru_k2_rep9,agenttrace_admission_oracle_v4,trace_derived_simulation,86adc13cec5f5a186ade1082f0fb1da4944533a4,pagarsky/agent-trace: nl2bash_1_7B_20260403T211347Z,https://huggingface.co/datasets/pagarsky/agent-trace,Apache-2.0,250313ae096b0bb8c1986b6f571b68f4ff7617a12026db20214ad84188d12ae5,False,CPU-only; no live vLLM request,closed_loop,sketch,lru,2,False,4,512,9,10,20260716,535a89155c291e366f66e27e64a196702563ed516e18deeeec707f894f280235,512,128,128,structural agent-turn replay; Oracle-K is offline diagnosis only; no raw source text and no live latency.,Current,384,0.0,0.37808610180370605,184912.0,86608.0,3.0,3.0,768
20260716_agenttrace_closed_loop_sketch_lru_k4_rep9,agenttrace_admission_oracle_v4,trace_derived_simulation,86adc13cec5f5a186ade1082f0fb1da4944533a4,pagarsky/agent-trace: nl2bash_1_7B_20260403T211347Z,https://huggingface.co/datasets/pagarsky/agent-trace,Apache-2.0,250313ae096b0bb8c1986b6f571b68f4ff7617a12026db20214ad84188d12ae5,False,CPU-only; no live vLLM request,closed_loop,sketch,lru,4,False,4,512,9,10,20260716,535a89155c291e366f66e27e64a196702563ed516e18deeeec707f894f280235,512,128,128,structural agent-turn replay; Oracle-K is offline diagnosis only; no raw source text and no live latency.,Current,384,0.0078125,0.3782299023412969,184744.0,86440.0,3.0,3.0,1024
20260716_agenttrace_closed_loop_sketch_lru_k8_rep9,agenttrace_admission_oracle_v4,trace_derived_simulation,86adc13cec5f5a186ade1082f0fb1da4944533a4,pagarsky/agent-trace: nl2bash_1_7B_20260403T211347Z,https://huggingface.co/datasets/pagarsky/agent-trace,Apache-2.0,250313ae096b0bb8c1986b6f571b68f4ff7617a12026db20214ad84188d12ae5,False,CPU-only; no live vLLM request,closed_loop,sketch,lru,8,False,4,512,9,10,20260716,535a89155c291e366f66e27e64a196702563ed516e18deeeec707f894f280235,512,128,128,structural agent-turn replay; Oracle-K is offline diagnosis only; no raw source text and no live latency.,Current,384,0.013020833333333334,0.38042271748615364,188193.0,89889.0,3.0,3.0,1536
20260716_agenttrace_closed_loop_sketch_lru_k16_rep9,agenttrace_admission_oracle_v4,trace_derived_simulation,86adc13cec5f5a186ade1082f0fb1da4944533a4,pagarsky/agent-trace: nl2bash_1_7B_20260403T211347Z,https://huggingface.co/datasets/pagarsky/agent-trace,Apache-2.0,250313ae096b0bb8c1986b6f571b68f4ff7617a12026db20214ad84188d12ae5,False,CPU-only; no live vLLM request,closed_loop,sketch,lru,16,False,4,512,9,10,20260716,535a89155c291e366f66e27e64a196702563ed516e18deeeec707f894f280235,512,128,128,structural agent-turn replay; Oracle-K is offline diagnosis only; no raw source text and no live latency.,Current,384,0.026041666666666668,0.3826180706011838,191624.0,93320.0,3.0,3.0,2560
20260716_agenttrace_closed_loop_sketch_lru_k32_rep9,agenttrace_admission_oracle_v4,trace_derived_simulation,86adc13cec5f5a186ade1082f0fb1da4944533a4,pagarsky/agent-trace: nl2bash_1_7B_20260403T211347Z,https://huggingface.co/datasets/pagarsky/agent-trace,Apache-2.0,250313ae096b0bb8c1986b6f571b68f4ff7617a12026db20214ad84188d12ae5,False,CPU-only; no live vLLM request,closed_loop,sketch,lru,32,False,4,512,9,10,20260716,535a89155c291e366f66e27e64a196702563ed516e18deeeec707f894f280235,512,128,128,structural agent-turn replay; Oracle-K is offline diagnosis only; no raw source text and no live latency.,Current,384,0.049479166666666664,0.3857604030077628,195603.0,97299.0,3.0,3.0,4608
20260716_agenttrace_closed_loop_sketch_lru_k64_rep9,agenttrace_admission_oracle_v4,trace_derived_simulation,86adc13cec5f5a186ade1082f0fb1da4944533a4,pagarsky/agent-trace: nl2bash_1_7B_20260403T211347Z,https://huggingface.co/datasets/pagarsky/agent-trace,Apache-2.0,250313ae096b0bb8c1986b6f571b68f4ff7617a12026db20214ad84188d12ae5,False,CPU-only; no live vLLM request,closed_loop,sketch,lru,64,False,4,512,9,10,20260716,535a89155c291e366f66e27e64a196702563ed516e18deeeec707f894f280235,512,128,128,structural agent-turn replay; Oracle-K is offline diagnosis only; no raw source text and no live latency.,Current,384,0.08072916666666667,0.3964090001398064,211052.0,112748.0,3.0,3.0,8704
20260716_agenttrace_closed_loop_sketch_lru_k128_rep9,agenttrace_admission_oracle_v4,trace_derived_simulation,86adc13cec5f5a186ade1082f0fb1da4944533a4,pagarsky/agent-trace: nl2bash_1_7B_20260403T211347Z,https://huggingface.co/datasets/pagarsky/agent-trace,Apache-2.0,250313ae096b0bb8c1986b6f571b68f4ff7617a12026db20214ad84188d12ae5,False,CPU-only; no live vLLM request,closed_loop,sketch,lru,128,False,4,512,9,10,20260716,535a89155c291e366f66e27e64a196702563ed516e18deeeec707f894f280235,512,128,128,structural agent-turn replay; Oracle-K is offline diagnosis only; no raw source text and no live latency.,Current,384,0.140625,0.4094334204250838,231339.0,133035.0,3.0,3.0,16896
20260716_agenttrace_closed_loop_sketch_lfu_k2_rep9,agenttrace_admission_oracle_v4,trace_derived_simulation,86adc13cec5f5a186ade1082f0fb1da4944533a4,pagarsky/agent-trace: nl2bash_1_7B_20260403T211347Z,https://huggingface.co/datasets/pagarsky/agent-trace,Apache-2.0,250313ae096b0bb8c1986b6f571b68f4ff7617a12026db20214ad84188d12ae5,False,CPU-only; no live vLLM request,closed_loop,sketch,lfu,2,False,4,512,9,10,20260716,535a89155c291e366f66e27e64a196702563ed516e18deeeec707f894f280235,512,128,128,structural agent-turn replay; Oracle-K is offline diagnosis only; no raw source text and no live latency.,Current,384,0.0,0.37808610180370605,184912.0,86608.0,3.0,3.0,768
20260716_agenttrace_closed_loop_sketch_lfu_k4_rep9,agenttrace_admission_oracle_v4,trace_derived_simulation,86adc13cec5f5a186ade1082f0fb1da4944533a4,pagarsky/agent-trace: nl2bash_1_7B_20260403T211347Z,https://huggingface.co/datasets/pagarsky/agent-trace,Apache-2.0,250313ae096b0bb8c1986b6f571b68f4ff7617a12026db20214ad84188d12ae5,False,CPU-only; no live vLLM request,closed_loop,sketch,lfu,4,False,4,512,9,10,20260716,535a89155c291e366f66e27e64a196702563ed516e18deeeec707f894f280235,512,128,128,structural agent-turn replay; Oracle-K is offline diagnosis only; no raw source text and no live latency.,Current,384,0.0026041666666666665,0.37779363651867115,184430.0,86126.0,3.0,3.0,1024
20260716_agenttrace_closed_loop_sketch_lfu_k8_rep9,agenttrace_admission_oracle_v4,trace_derived_simulation,86adc13cec5f5a186ade1082f0fb1da4944533a4,pagarsky/agent-trace: nl2bash_1_7B_20260403T211347Z,https://huggingface.co/datasets/pagarsky/agent-trace,Apache-2.0,250313ae096b0bb8c1986b6f571b68f4ff7617a12026db20214ad84188d12ae5,False,CPU-only; no live vLLM request,closed_loop,sketch,lfu,8,False,4,512,9,10,20260716,535a89155c291e366f66e27e64a196702563ed516e18deeeec707f894f280235,512,128,128,structural agent-turn replay; Oracle-K is offline diagnosis only; no raw source text and no live latency.,Current,384,0.0078125,0.3802611530850323,188177.0,89873.0,3.0,3.0,1536
20260716_agenttrace_closed_loop_sketch_lfu_k16_rep9,agenttrace_admission_oracle_v4,trace_derived_simulation,86adc13cec5f5a186ade1082f0fb1da4944533a4,pagarsky/agent-trace: nl2bash_1_7B_20260403T211347Z,https://huggingface.co/datasets/pagarsky/agent-trace,Apache-2.0,250313ae096b0bb8c1986b6f571b68f4ff7617a12026db20214ad84188d12ae5,False,CPU-only; no live vLLM request,closed_loop,sketch,lfu,16,False,4,512,9,10,20260716,535a89155c291e366f66e27e64a196702563ed516e18deeeec707f894f280235,512,128,128,structural agent-turn replay; Oracle-K is offline diagnosis only; no raw source text and no live latency.,Current,384,0.013020833333333334,0.3809471679713042,189278.0,90974.0,3.0,3.0,2560
20260716_agenttrace_closed_loop_sketch_lfu_k32_rep9,agenttrace_admission_oracle_v4,trace_derived_simulation,86adc13cec5f5a186ade1082f0fb1da4944533a4,pagarsky/agent-trace: nl2bash_1_7B_20260403T211347Z,https://huggingface.co/datasets/pagarsky/agent-trace,Apache-2.0,250313ae096b0bb8c1986b6f571b68f4ff7617a12026db20214ad84188d12ae5,False,CPU-only; no live vLLM request,closed_loop,sketch,lfu,32,False,4,512,9,10,20260716,535a89155c291e366f66e27e64a196702563ed516e18deeeec707f894f280235,512,128,128,structural agent-turn replay; Oracle-K is offline diagnosis only; no raw source text and no live latency.,Current,384,0.026041666666666668,0.3794416289558005,186888.0,88584.0,3.0,3.0,4608
20260716_agenttrace_closed_loop_sketch_lfu_k64_rep9,agenttrace_admission_oracle_v4,trace_derived_simulation,86adc13cec5f5a186ade1082f0fb1da4944533a4,pagarsky/agent-trace: nl2bash_1_7B_20260403T211347Z,https://huggingface.co/datasets/pagarsky/agent-trace,Apache-2.0,250313ae096b0bb8c1986b6f571b68f4ff7617a12026db20214ad84188d12ae5,False,CPU-only; no live vLLM request,closed_loop,sketch,lfu,64,False,4,512,9,10,20260716,535a89155c291e366f66e27e64a196702563ed516e18deeeec707f894f280235,512,128,128,structural agent-turn replay; Oracle-K is offline diagnosis only; no raw source text and no live latency.,Current,384,0.08072916666666667,0.38616485286838576,196322.0,98018.0,3.0,3.0,8704
20260716_agenttrace_closed_loop_sketch_lfu_k128_rep9,agenttrace_admission_oracle_v4,trace_derived_simulation,86adc13cec5f5a186ade1082f0fb1da4944533a4,pagarsky/agent-trace: nl2bash_1_7B_20260403T211347Z,https://huggingface.co/datasets/pagarsky/agent-trace,Apache-2.0,250313ae096b0bb8c1986b6f571b68f4ff7617a12026db20214ad84188d12ae5,False,CPU-only; no live vLLM request,closed_loop,sketch,lfu,128,False,4,512,9,10,20260716,535a89155c291e366f66e27e64a196702563ed516e18deeeec707f894f280235,512,128,128,structural agent-turn replay; Oracle-K is offline diagnosis only; no raw source text and no live latency.,Current,384,0.140625,0.4094334204250838,231339.0,133035.0,3.0,3.0,16896
20260716_agenttrace_closed_loop_sketch_coverage_first_k2_rep9,agenttrace_admission_oracle_v4,trace_derived_simulation,86adc13cec5f5a186ade1082f0fb1da4944533a4,pagarsky/agent-trace: nl2bash_1_7B_20260403T211347Z,https://huggingface.co/datasets/pagarsky/agent-trace,Apache-2.0,250313ae096b0bb8c1986b6f571b68f4ff7617a12026db20214ad84188d12ae5,False,CPU-only; no live vLLM request,closed_loop,sketch,coverage_first,2,False,4,512,9,10,20260716,535a89155c291e366f66e27e64a196702563ed516e18deeeec707f894f280235,512,128,128,structural agent-turn replay; Oracle-K is offline diagnosis only; no raw source text and no live latency.,Current,384,0.020833333333333332,0.38312472432709843,192703.0,94399.0,1.0,1.0,768
20260716_agenttrace_closed_loop_sketch_coverage_first_k4_rep9,agenttrace_admission_oracle_v4,trace_derived_simulation,86adc13cec5f5a186ade1082f0fb1da4944533a4,pagarsky/agent-trace: nl2bash_1_7B_20260403T211347Z,https://huggingface.co/datasets/pagarsky/agent-trace,Apache-2.0,250313ae096b0bb8c1986b6f571b68f4ff7617a12026db20214ad84188d12ae5,False,CPU-only; no live vLLM request,closed_loop,sketch,coverage_first,4,False,4,512,9,10,20260716,535a89155c291e366f66e27e64a196702563ed516e18deeeec707f894f280235,512,128,128,structural agent-turn replay; Oracle-K is offline diagnosis only; no raw source text and no live latency.,Current,384,0.03125,0.38588502513378486,196582.0,98278.0,1.0,1.0,1024
20260716_agenttrace_closed_loop_sketch_coverage_first_k8_rep9,agenttrace_admission_oracle_v4,trace_derived_simulation,86adc13cec5f5a186ade1082f0fb1da4944533a4,pagarsky/agent-trace: nl2bash_1_7B_20260403T211347Z,https://huggingface.co/datasets/pagarsky/agent-trace,Apache-2.0,250313ae096b0bb8c1986b6f571b68f4ff7617a12026db20214ad84188d12ae5,False,CPU-only; no live vLLM request,closed_loop,sketch,coverage_first,8,False,4,512,9,10,20260716,535a89155c291e366f66e27e64a196702563ed516e18deeeec707f894f280235,512,128,128,structural agent-turn replay; Oracle-K is offline diagnosis only; no raw source text and no live latency.,Current,384,0.0546875,0.39314062159803637,207800.0,109496.0,2.0,2.0,1536
20260716_agenttrace_closed_loop_sketch_coverage_first_k16_rep9,agenttrace_admission_oracle_v4,trace_derived_simulation,86adc13cec5f5a186ade1082f0fb1da4944533a4,pagarsky/agent-trace: nl2bash_1_7B_20260403T211347Z,https://huggingface.co/datasets/pagarsky/agent-trace,Apache-2.0,250313ae096b0bb8c1986b6f571b68f4ff7617a12026db20214ad84188d12ae5,False,CPU-only; no live vLLM request,closed_loop,sketch,coverage_first,16,False,4,512,9,10,20260716,535a89155c291e366f66e27e64a196702563ed516e18deeeec707f894f280235,512,128,128,structural agent-turn replay; Oracle-K is offline diagnosis only; no raw source text and no live latency.,Current,384,0.10416666666666667,0.4023562397186572,221169.0,122865.0,2.0,2.0,2560
20260716_agenttrace_closed_loop_sketch_coverage_first_k32_rep9,agenttrace_admission_oracle_v4,trace_derived_simulation,86adc13cec5f5a186ade1082f0fb1da4944533a4,pagarsky/agent-trace: nl2bash_1_7B_20260403T211347Z,https://huggingface.co/datasets/pagarsky/agent-trace,Apache-2.0,250313ae096b0bb8c1986b6f571b68f4ff7617a12026db20214ad84188d12ae5,False,CPU-only; no live vLLM request,closed_loop,sketch,coverage_first,32,False,4,512,9,10,20260716,535a89155c291e366f66e27e64a196702563ed516e18deeeec707f894f280235,512,128,128,structural agent-turn replay; Oracle-K is offline diagnosis only; no raw source text and no live latency.,Current,384,0.1328125,0.4083391999150159,229750.0,131446.0,2.0,2.0,4608
20260716_agenttrace_closed_loop_sketch_coverage_first_k64_rep9,agenttrace_admission_oracle_v4,trace_derived_simulation,86adc13cec5f5a186ade1082f0fb1da4944533a4,pagarsky/agent-trace: nl2bash_1_7B_20260403T211347Z,https://huggingface.co/datasets/pagarsky/agent-trace,Apache-2.0,250313ae096b0bb8c1986b6f571b68f4ff7617a12026db20214ad84188d12ae5,False,CPU-only; no live vLLM request,closed_loop,sketch,coverage_first,64,False,4,512,9,10,20260716,535a89155c291e366f66e27e64a196702563ed516e18deeeec707f894f280235,512,128,128,structural agent-turn replay; Oracle-K is offline diagnosis only; no raw source text and no live latency.,Current,384,0.140625,0.4094334204250838,231339.0,133035.0,2.0,2.0,8704
20260716_agenttrace_closed_loop_sketch_coverage_first_k128_rep9,agenttrace_admission_oracle_v4,trace_derived_simulation,86adc13cec5f5a186ade1082f0fb1da4944533a4,pagarsky/agent-trace: nl2bash_1_7B_20260403T211347Z,https://huggingface.co/datasets/pagarsky/agent-trace,Apache-2.0,250313ae096b0bb8c1986b6f571b68f4ff7617a12026db20214ad84188d12ae5,False,CPU-only; no live vLLM request,closed_loop,sketch,coverage_first,128,False,4,512,9,10,20260716,535a89155c291e366f66e27e64a196702563ed516e18deeeec707f894f280235,512,128,128,structural agent-turn replay; Oracle-K is offline diagnosis only; no raw source text and no live latency.,Current,384,0.140625,0.4094334204250838,231339.0,133035.0,3.0,3.0,16896
20260716_agenttrace_closed_loop_sketch_saved_prefill_first_k2_rep9,agenttrace_admission_oracle_v4,trace_derived_simulation,86adc13cec5f5a186ade1082f0fb1da4944533a4,pagarsky/agent-trace: nl2bash_1_7B_20260403T211347Z,https://huggingface.co/datasets/pagarsky/agent-trace,Apache-2.0,250313ae096b0bb8c1986b6f571b68f4ff7617a12026db20214ad84188d12ae5,False,CPU-only; no live vLLM request,closed_loop,sketch,saved_prefill_first,2,False,4,512,9,10,20260716,535a89155c291e366f66e27e64a196702563ed516e18deeeec707f894f280235,512,128,128,structural agent-turn replay; Oracle-K is offline diagnosis only; no raw source text and no live latency.,Current,384,0.013020833333333334,0.3809096516201885,189197.0,90893.0,3.0,3.0,768
20260716_agenttrace_closed_loop_sketch_saved_prefill_first_k4_rep9,agenttrace_admission_oracle_v4,trace_derived_simulation,86adc13cec5f5a186ade1082f0fb1da4944533a4,pagarsky/agent-trace: nl2bash_1_7B_20260403T211347Z,https://huggingface.co/datasets/pagarsky/agent-trace,Apache-2.0,250313ae096b0bb8c1986b6f571b68f4ff7617a12026db20214ad84188d12ae5,False,CPU-only; no live vLLM request,closed_loop,sketch,saved_prefill_first,4,False,4,512,9,10,20260716,535a89155c291e366f66e27e64a196702563ed516e18deeeec707f894f280235,512,128,128,structural agent-turn replay; Oracle-K is offline diagnosis only; no raw source text and no live latency.,Current,384,0.0234375,0.38122962925737386,189179.0,90875.0,3.0,3.0,1024
20260716_agenttrace_closed_loop_sketch_saved_prefill_first_k8_rep9,agenttrace_admission_oracle_v4,trace_derived_simulation,86adc13cec5f5a186ade1082f0fb1da4944533a4,pagarsky/agent-trace: nl2bash_1_7B_20260403T211347Z,https://huggingface.co/datasets/pagarsky/agent-trace,Apache-2.0,250313ae096b0bb8c1986b6f571b68f4ff7617a12026db20214ad84188d12ae5,False,CPU-only; no live vLLM request,closed_loop,sketch,saved_prefill_first,8,False,4,512,9,10,20260716,535a89155c291e366f66e27e64a196702563ed516e18deeeec707f894f280235,512,128,128,structural agent-turn replay; Oracle-K is offline diagnosis only; no raw source text and no live latency.,Current,384,0.026041666666666668,0.3817912507109735,190075.0,91771.0,3.0,3.0,1536
20260716_agenttrace_closed_loop_sketch_saved_prefill_first_k16_rep9,agenttrace_admission_oracle_v4,trace_derived_simulation,86adc13cec5f5a186ade1082f0fb1da4944533a4,pagarsky/agent-trace: nl2bash_1_7B_20260403T211347Z,https://huggingface.co/datasets/pagarsky/agent-trace,Apache-2.0,250313ae096b0bb8c1986b6f571b68f4ff7617a12026db20214ad84188d12ae5,False,CPU-only; no live vLLM request,closed_loop,sketch,saved_prefill_first,16,False,4,512,9,10,20260716,535a89155c291e366f66e27e64a196702563ed516e18deeeec707f894f280235,512,128,128,structural agent-turn replay; Oracle-K is offline diagnosis only; no raw source text and no live latency.,Current,384,0.033854166666666664,0.38488388970992576,195022.0,96718.0,3.0,3.0,2560
20260716_agenttrace_closed_loop_sketch_saved_prefill_first_k32_rep9,agenttrace_admission_oracle_v4,trace_derived_simulation,86adc13cec5f5a186ade1082f0fb1da4944533a4,pagarsky/agent-trace: nl2bash_1_7B_20260403T211347Z,https://huggingface.co/datasets/pagarsky/agent-trace,Apache-2.0,250313ae096b0bb8c1986b6f571b68f4ff7617a12026db20214ad84188d12ae5,False,CPU-only; no live vLLM request,closed_loop,sketch,saved_prefill_first,32,False,4,512,9,10,20260716,535a89155c291e366f66e27e64a196702563ed516e18deeeec707f894f280235,512,128,128,structural agent-turn replay; Oracle-K is offline diagnosis only; no raw source text and no live latency.,Current,384,0.046875,0.39031034422532895,202987.0,104683.0,3.0,3.0,4608
20260716_agenttrace_closed_loop_sketch_saved_prefill_first_k64_rep9,agenttrace_admission_oracle_v4,trace_derived_simulation,86adc13cec5f5a186ade1082f0fb1da4944533a4,pagarsky/agent-trace: nl2bash_1_7B_20260403T211347Z,https://huggingface.co/datasets/pagarsky/agent-trace,Apache-2.0,250313ae096b0bb8c1986b6f571b68f4ff7617a12026db20214ad84188d12ae5,False,CPU-only; no live vLLM request,closed_loop,sketch,saved_prefill_first,64,False,4,512,9,10,20260716,535a89155c291e366f66e27e64a196702563ed516e18deeeec707f894f280235,512,128,128,structural agent-turn replay; Oracle-K is offline diagnosis only; no raw source text and no live latency.,Current,384,0.12760416666666666,0.4065780813440523,226980.0,128676.0,3.0,3.0,8704
20260716_agenttrace_closed_loop_sketch_saved_prefill_first_k128_rep9,agenttrace_admission_oracle_v4,trace_derived_simulation,86adc13cec5f5a186ade1082f0fb1da4944533a4,pagarsky/agent-trace: nl2bash_1_7B_20260403T211347Z,https://huggingface.co/datasets/pagarsky/agent-trace,Apache-2.0,250313ae096b0bb8c1986b6f571b68f4ff7617a12026db20214ad84188d12ae5,False,CPU-only; no live vLLM request,closed_loop,sketch,saved_prefill_first,128,False,4,512,9,10,20260716,535a89155c291e366f66e27e64a196702563ed516e18deeeec707f894f280235,512,128,128,structural agent-turn replay; Oracle-K is offline diagnosis only; no raw source text and no live latency.,Current,384,0.140625,0.4094334204250838,231339.0,133035.0,3.0,3.0,16896
20260716_agenttrace_closed_loop_sketch_reuse_distance_k2_rep9,agenttrace_admission_oracle_v4,trace_derived_simulation,86adc13cec5f5a186ade1082f0fb1da4944533a4,pagarsky/agent-trace: nl2bash_1_7B_20260403T211347Z,https://huggingface.co/datasets/pagarsky/agent-trace,Apache-2.0,250313ae096b0bb8c1986b6f571b68f4ff7617a12026db20214ad84188d12ae5,False,CPU-only; no live vLLM request,closed_loop,sketch,reuse_distance,2,False,4,512,9,10,20260716,535a89155c291e366f66e27e64a196702563ed516e18deeeec707f894f280235,512,128,128,structural agent-turn replay; Oracle-K is offline diagnosis only; no raw source text and no live latency.,Current,384,0.0234375,0.38239969492484066,191032.0,92728.0,1.0,1.0,768
20260716_agenttrace_closed_loop_sketch_reuse_distance_k4_rep9,agenttrace_admission_oracle_v4,trace_derived_simulation,86adc13cec5f5a186ade1082f0fb1da4944533a4,pagarsky/agent-trace: nl2bash_1_7B_20260403T211347Z,https://huggingface.co/datasets/pagarsky/agent-trace,Apache-2.0,250313ae096b0bb8c1986b6f571b68f4ff7617a12026db20214ad84188d12ae5,False,CPU-only; no live vLLM request,closed_loop,sketch,reuse_distance,4,False,4,512,9,10,20260716,535a89155c291e366f66e27e64a196702563ed516e18deeeec707f894f280235,512,128,128,structural agent-turn replay; Oracle-K is offline diagnosis only; no raw source text and no live latency.,Current,384,0.026041666666666668,0.3817912507109735,190075.0,91771.0,1.0,1.0,1024
20260716_agenttrace_closed_loop_sketch_reuse_distance_k8_rep9,agenttrace_admission_oracle_v4,trace_derived_simulation,86adc13cec5f5a186ade1082f0fb1da4944533a4,pagarsky/agent-trace: nl2bash_1_7B_20260403T211347Z,https://huggingface.co/datasets/pagarsky/agent-trace,Apache-2.0,250313ae096b0bb8c1986b6f571b68f4ff7617a12026db20214ad84188d12ae5,False,CPU-only; no live vLLM request,closed_loop,sketch,reuse_distance,8,False,4,512,9,10,20260716,535a89155c291e366f66e27e64a196702563ed516e18deeeec707f894f280235,512,128,128,structural agent-turn replay; Oracle-K is offline diagnosis only; no raw source text and no live latency.,Current,384,0.033854166666666664,0.38488388970992576,195022.0,96718.0,2.0,2.0,1536
20260716_agenttrace_closed_loop_sketch_reuse_distance_k16_rep9,agenttrace_admission_oracle_v4,trace_derived_simulation,86adc13cec5f5a186ade1082f0fb1da4944533a4,pagarsky/agent-trace: nl2bash_1_7B_20260403T211347Z,https://huggingface.co/datasets/pagarsky/agent-trace,Apache-2.0,250313ae096b0bb8c1986b6f571b68f4ff7617a12026db20214ad84188d12ae5,False,CPU-only; no live vLLM request,closed_loop,sketch,reuse_distance,16,False,4,512,9,10,20260716,535a89155c291e366f66e27e64a196702563ed516e18deeeec707f894f280235,512,128,128,structural agent-turn replay; Oracle-K is offline diagnosis only; no raw source text and no live latency.,Current,384,0.041666666666666664,0.3874845526209123,198983.0,100679.0,3.0,3.0,2560
20260716_agenttrace_closed_loop_sketch_reuse_distance_k32_rep9,agenttrace_admission_oracle_v4,trace_derived_simulation,86adc13cec5f5a186ade1082f0fb1da4944533a4,pagarsky/agent-trace: nl2bash_1_7B_20260403T211347Z,https://huggingface.co/datasets/pagarsky/agent-trace,Apache-2.0,250313ae096b0bb8c1986b6f571b68f4ff7617a12026db20214ad84188d12ae5,False,CPU-only; no live vLLM request,closed_loop,sketch,reuse_distance,32,False,4,512,9,10,20260716,535a89155c291e366f66e27e64a196702563ed516e18deeeec707f894f280235,512,128,128,structural agent-turn replay; Oracle-K is offline diagnosis only; no raw source text and no live latency.,Current,384,0.046875,0.39031034422532895,202987.0,104683.0,3.0,3.0,4608
20260716_agenttrace_closed_loop_sketch_reuse_distance_k64_rep9,agenttrace_admission_oracle_v4,trace_derived_simulation,86adc13cec5f5a186ade1082f0fb1da4944533a4,pagarsky/agent-trace: nl2bash_1_7B_20260403T211347Z,https://huggingface.co/datasets/pagarsky/agent-trace,Apache-2.0,250313ae096b0bb8c1986b6f571b68f4ff7617a12026db20214ad84188d12ae5,False,CPU-only; no live vLLM request,closed_loop,sketch,reuse_distance,64,False,4,512,9,10,20260716,535a89155c291e366f66e27e64a196702563ed516e18deeeec707f894f280235,512,128,128,structural agent-turn replay; Oracle-K is offline diagnosis only; no raw source text and no live latency.,Current,384,0.12760416666666666,0.4065780813440523,226980.0,128676.0,3.0,3.0,8704
20260716_agenttrace_closed_loop_sketch_reuse_distance_k128_rep9,agenttrace_admission_oracle_v4,trace_derived_simulation,86adc13cec5f5a186ade1082f0fb1da4944533a4,pagarsky/agent-trace: nl2bash_1_7B_20260403T211347Z,https://huggingface.co/datasets/pagarsky/agent-trace,Apache-2.0,250313ae096b0bb8c1986b6f571b68f4ff7617a12026db20214ad84188d12ae5,False,CPU-only; no live vLLM request,closed_loop,sketch,reuse_distance,128,False,4,512,9,10,20260716,535a89155c291e366f66e27e64a196702563ed516e18deeeec707f894f280235,512,128,128,structural agent-turn replay; Oracle-K is offline diagnosis only; no raw source text and no live latency.,Current,384,0.140625,0.4094334204250838,231339.0,133035.0,3.0,3.0,16896
20260716_agenttrace_closed_loop_sketch_oracle_future_value_k2_rep9,agenttrace_admission_oracle_v4,trace_derived_simulation,86adc13cec5f5a186ade1082f0fb1da4944533a4,pagarsky/agent-trace: nl2bash_1_7B_20260403T211347Z,https://huggingface.co/datasets/pagarsky/agent-trace,Apache-2.0,250313ae096b0bb8c1986b6f571b68f4ff7617a12026db20214ad84188d12ae5,False,CPU-only; no live vLLM request,closed_loop,sketch,oracle_future_value,2,True,4,512,9,10,20260716,535a89155c291e366f66e27e64a196702563ed516e18deeeec707f894f280235,512,128,128,structural agent-turn replay; Oracle-K is offline diagnosis only; no raw source text and no live latency.,UpperBoundOnly,384,0.052083333333333336,0.38655629550748016,197410.0,99106.0,2.0,2.0,768
20260716_agenttrace_closed_loop_sketch_oracle_future_value_k4_rep9,agenttrace_admission_oracle_v4,trace_derived_simulation,86adc13cec5f5a186ade1082f0fb1da4944533a4,pagarsky/agent-trace: nl2bash_1_7B_20260403T211347Z,https://huggingface.co/datasets/pagarsky/agent-trace,Apache-2.0,250313ae096b0bb8c1986b6f571b68f4ff7617a12026db20214ad84188d12ae5,False,CPU-only; no live vLLM request,closed_loop,sketch,oracle_future_value,4,True,4,512,9,10,20260716,535a89155c291e366f66e27e64a196702563ed516e18deeeec707f894f280235,512,128,128,structural agent-turn replay; Oracle-K is offline diagnosis only; no raw source text and no live latency.,UpperBoundOnly,384,0.078125,0.3970217304607584,213726.0,115422.0,2.0,2.0,1024
20260716_agenttrace_closed_loop_sketch_oracle_future_value_k8_rep9,agenttrace_admission_oracle_v4,trace_derived_simulation,86adc13cec5f5a186ade1082f0fb1da4944533a4,pagarsky/agent-trace: nl2bash_1_7B_20260403T211347Z,https://huggingface.co/datasets/pagarsky/agent-trace,Apache-2.0,250313ae096b0bb8c1986b6f571b68f4ff7617a12026db20214ad84188d12ae5,False,CPU-only; no live vLLM request,closed_loop,sketch,oracle_future_value,8,True,4,512,9,10,20260716,535a89155c291e366f66e27e64a196702563ed516e18deeeec707f894f280235,512,128,128,structural agent-turn replay; Oracle-K is offline diagnosis only; no raw source text and no live latency.,UpperBoundOnly,384,0.11197916666666667,0.4038440233877272,223420.0,125116.0,2.0,2.0,1536
20260716_agenttrace_closed_loop_sketch_oracle_future_value_k16_rep9,agenttrace_admission_oracle_v4,trace_derived_simulation,86adc13cec5f5a186ade1082f0fb1da4944533a4,pagarsky/agent-trace: nl2bash_1_7B_20260403T211347Z,https://huggingface.co/datasets/pagarsky/agent-trace,Apache-2.0,250313ae096b0bb8c1986b6f571b68f4ff7617a12026db20214ad84188d12ae5,False,CPU-only; no live vLLM request,closed_loop,sketch,oracle_future_value,16,True,4,512,9,10,20260716,535a89155c291e366f66e27e64a196702563ed516e18deeeec707f894f280235,512,128,128,structural agent-turn replay; Oracle-K is offline diagnosis only; no raw source text and no live latency.,UpperBoundOnly,384,0.13802083333333334,0.4094334204250838,231339.0,133035.0,2.0,2.0,2560
20260716_agenttrace_closed_loop_sketch_oracle_future_value_k32_rep9,agenttrace_admission_oracle_v4,trace_derived_simulation,86adc13cec5f5a186ade1082f0fb1da4944533a4,pagarsky/agent-trace: nl2bash_1_7B_20260403T211347Z,https://huggingface.co/datasets/pagarsky/agent-trace,Apache-2.0,250313ae096b0bb8c1986b6f571b68f4ff7617a12026db20214ad84188d12ae5,False,CPU-only; no live vLLM request,closed_loop,sketch,oracle_future_value,32,True,4,512,9,10,20260716,535a89155c291e366f66e27e64a196702563ed516e18deeeec707f894f280235,512,128,128,structural agent-turn replay; Oracle-K is offline diagnosis only; no raw source text and no live latency.,UpperBoundOnly,384,0.140625,0.4094334204250838,231339.0,133035.0,2.0,2.0,4608
20260716_agenttrace_closed_loop_sketch_oracle_future_value_k64_rep9,agenttrace_admission_oracle_v4,trace_derived_simulation,86adc13cec5f5a186ade1082f0fb1da4944533a4,pagarsky/agent-trace: nl2bash_1_7B_20260403T211347Z,https://huggingface.co/datasets/pagarsky/agent-trace,Apache-2.0,250313ae096b0bb8c1986b6f571b68f4ff7617a12026db20214ad84188d12ae5,False,CPU-only; no live vLLM request,closed_loop,sketch,oracle_future_value,64,True,4,512,9,10,20260716,535a89155c291e366f66e27e64a196702563ed516e18deeeec707f894f280235,512,128,128,structural agent-turn replay; Oracle-K is offline diagnosis only; no raw source text and no live latency.,UpperBoundOnly,384,0.140625,0.4094334204250838,231339.0,133035.0,3.0,3.0,8704
20260716_agenttrace_closed_loop_sketch_oracle_future_value_k128_rep9,agenttrace_admission_oracle_v4,trace_derived_simulation,86adc13cec5f5a186ade1082f0fb1da4944533a4,pagarsky/agent-trace: nl2bash_1_7B_20260403T211347Z,https://huggingface.co/datasets/pagarsky/agent-trace,Apache-2.0,250313ae096b0bb8c1986b6f571b68f4ff7617a12026db20214ad84188d12ae5,False,CPU-only; no live vLLM request,closed_loop,sketch,oracle_future_value,128,True,4,512,9,10,20260716,535a89155c291e366f66e27e64a196702563ed516e18deeeec707f894f280235,512,128,128,structural agent-turn replay; Oracle-K is offline diagnosis only; no raw source text and no live latency.,UpperBoundOnly,384,0.140625,0.4094334204250838,231339.0,133035.0,3.0,3.0,16896
